	1.lane.clean.uniq.gz	2.lane.clean.uniq.gz	3.lane.clean.uniq.gz	4.lane.clean.uniq.gz	5.lane.clean.uniq.gz	6.lane.clean.uniq.gz	7.lane.clean.uniq.gz	8.lane.clean.uniq.gz	9.lane.clean.uniq.gz	10.lane.clean.uniq.gz	11.lane.clean.uniq.gz	12.lane.clean.uniq.gz
hsa-miR-1	1167	1911	1190	179717	129698	114090	164659	1253	375	554	345	348
hsa-miR-122-5p	145	349	156	295	95	187	155	183	157280	73426	145594	63610
hsa-miR-9-5p	86907	98965	74695	444	124	296	239	84410	136	256	134	137
hsa-miR-143-3p	27598	23711	21600	78973	66404	68549	96678	24126	16411	8800	10078	7491
hsa-miR-148a-3p	2079	2053	1646	6637	4126	4034	6276	1697	73860	40933	52708	32330
hsa-miR-21-5p	8279	8322	7029	14414	9933	11397	14733	6732	58983	28787	32407	26526
hsa-miR-128	52330	43536	43296	1084	732	858	925	46365	712	528	542	424
hsa-miR-26a-5p	34066	22957	25406	21004	13711	15298	21350	31658	16691	8089	8273	7334
hsa-miR-126-3p	9664	11051	7800	32199	16385	22271	24952	10121	11063	7232	5726	5850
hsa-miR-378a-3p	800	731	568	30486	20635	25678	30666	665	4219	2802	2558	1976
hsa-miR-27b-3p	16726	15475	15418	29640	17845	19193	24563	17163	25426	14369	12664	11851
hsa-miR-99a-5p	27976	23916	21078	15507	8606	12265	13504	25121	13855	7703	7226	6831
hsa-miR-100-5p	27771	25481	21089	3686	2884	3207	4709	22389	5543	3422	3622	2641
hsa-miR-192-5p	369	344	352	173	104	134	129	319	23254	11742	13179	10712
hsa-miR-499a-5p	268	295	237	20982	13831	17640	21193	305	123	78	63	55
hsa-miR-125b-5p	16058	17972	14429	7177	3938	5257	6357	19564	2424	1589	1189	1199
hsa-let-7f-5p	18316	18725	16464	13140	9525	10163	13993	18679	12183	6072	6694	5358
hsa-miR-30d-5p	7349	6877	5962	18107	12469	12939	18296	6437	5189	3067	2920	2203
hsa-miR-22-3p	4625	4672	3617	16438	10406	14951	17713	4795	9020	4463	5005	4648
hsa-miR-181a-5p	14450	16779	12660	1841	975	1442	1652	14907	697	506	370	416
hsa-let-7g-5p	15398	12825	13027	8823	5696	6723	8297	16012	10936	5335	5745	4791
hsa-miR-133a	83	126	91	13864	9911	10318	14972	87	26	35	18	22
hsa-miR-30a-5p	7491	7960	6707	13829	8844	9216	13474	7015	3285	2064	1960	1509
hsa-let-7a-5p	11888	11873	11045	6061	4283	5033	5592	12774	6218	3118	3604	2770
hsa-miR-30c-5p	3439	3541	3028	9359	6032	5833	7282	3725	1844	1062	1122	767
hsa-miR-101-3p	8397	9311	7573	6405	3073	4030	5356	8967	4094	2923	2094	2376
hsa-miR-125a-5p	6199	6580	6022	4337	3089	3583	4361	7810	952	487	480	472
hsa-miR-27a-3p	2050	2114	1755	7460	4327	6316	6986	2205	1567	945	830	842
hsa-miR-103b	4583	7129	4869	2078	980	1247	1310	5837	2445	1548	1037	1117
hsa-miR-24-3p	1491	1670	1142	6497	3221	4526	5695	1586	1474	1002	888	783
hsa-let-7i-5p	6479	4720	4933	2964	2087	2139	2816	5804	3170	1499	1787	1331
hsa-miR-29a-3p	5232	5361	4146	1736	1005	1480	1847	5858	1603	821	784	845
hsa-miR-3529-3p	5512	4304	4092	103	60	92	91	4691	270	136	233	113
hsa-miR-199b-3p	539	728	536	5174	3078	3779	4155	757	3352	1835	1647	1479
hsa-miR-340-5p	4975	4323	4043	711	447	512	622	4431	918	492	553	377
hsa-miR-99b-5p	4935	4360	4265	3154	2372	2654	3508	4501	378	196	175	158
hsa-miR-124-3p	3891	4600	3460	24	4	10	9	4773	5	9	10	11
hsa-let-7b-5p	4503	4492	3923	1944	1294	1581	1920	4575	1496	764	1075	678
hsa-miR-194-5p	64	137	77	37	23	28	33	101	4371	3068	2085	2313
hsa-miR-30e-5p	2410	2230	2091	4274	2521	3199	3616	2480	1699	906	905	792
hsa-miR-3074-5p	1970	2235	1739	4004	2453	3433	4237	2166	1120	721	592	526
hsa-miR-92a-3p	2359	2441	2123	1140	1136	1121	1417	2506	3867	1761	2252	1695
hsa-miR-219-2-3p	3530	3565	3094	27	7	26	12	3310	8	15	13	10
hsa-miR-191-5p	3205	2903	2553	1620	937	1197	1422	3519	1571	790	703	721
hsa-miR-23b-3p	1296	1350	1211	3509	2445	2712	3280	1494	2346	1288	1083	1068
hsa-miR-146b-5p	2242	1696	1405	295	235	191	350	1607	3341	1985	2139	1509
hsa-let-7c	2970	2905	2674	1221	888	1128	1244	3190	1615	799	1005	711
hsa-miR-26b-5p	1972	1766	1661	2623	1563	1778	2270	2155	3096	1617	1531	1299
hsa-miR-181b-5p	2945	2870	2472	217	138	193	191	3031	73	49	40	44
hsa-miR-127-3p	2927	2007	2220	232	152	157	220	2262	120	75	87	50
hsa-miR-10b-5p	165	138	130	2016	1949	1746	2851	139	148	77	86	74
hsa-miR-378d	63	51	44	2679	1239	2203	2483	55	279	175	157	132
hsa-miR-151a-3p	2648	2231	1868	1578	1038	1010	1413	2031	853	521	528	395
hsa-miR-140-3p	2163	2488	1919	1301	694	922	1231	2276	558	397	288	306
hsa-miR-10a-5p	89	87	87	1339	1051	1068	1618	84	2404	1337	1500	1181
hsa-miR-129-5p	2366	1421	1788	13	1	8	10	1855	3	4	4	5
hsa-miR-221-3p	1066	1220	1054	2210	1367	1541	1988	1341	85	48	43	44
hsa-miR-451a	2202	2042	1676	1837	935	1172	1503	2158	1643	960	828	792
hsa-miR-199a-5p	308	261	209	1775	1053	1278	1500	262	2065	1175	973	1115
hsa-miR-139-5p	1961	1759	1503	315	198	215	255	1755	227	132	153	111
hsa-miR-379-5p	1588	1925	1418	52	44	51	63	1501	94	59	52	35
hsa-miR-338-5p	1906	1743	1511	41	10	20	23	1849	5	6	12	6
hsa-miR-411-5p	1605	1664	1381	97	38	59	65	1616	71	46	41	41
hsa-miR-218-5p	1611	1210	1203	240	120	137	169	1535	36	26	21	17
hsa-miR-423-3p	1601	1528	1208	955	1005	1171	1520	1547	991	416	475	449
hsa-miR-2964a-5p	1595	1255	1277	13	3	8	9	1467	1	8	3	3
hsa-miR-148b-3p	1531	1526	1287	918	546	570	787	1551	1048	637	701	480
hsa-miR-30e-3p	342	456	360	1493	950	921	1150	345	461	284	264	183
hsa-miR-30b-5p	399	491	377	1448	1163	1061	1440	489	338	215	225	147
hsa-miR-381	1419	1193	1080	170	86	118	133	1187	154	98	104	95
hsa-miR-23a-3p	347	400	283	1381	914	984	1207	417	349	220	185	161
hsa-miR-1273g-3p	1376	1023	838	228	325	402	661	995	678	174	392	402
hsa-miR-486-5p	288	274	258	1237	973	976	1334	255	94	50	55	44
hsa-miR-370	1332	975	1050	32	16	26	40	1151	36	26	32	15
hsa-let-7e-5p	1277	1294	1169	618	459	505	633	1299	171	103	100	86
hsa-miR-9-3p	1283	1064	838	8	1	7	7	1297	4	9	0	6
hsa-miR-126-5p	707	662	544	1292	604	875	1099	699	562	328	252	310
hsa-miR-92b-3p	1133	903	933	59	47	42	43	1024	38	14	22	14
hsa-miR-145-5p	382	369	345	896	721	798	1131	451	520	220	224	233
hsa-miR-133b	6	8	10	779	614	657	1107	9	1	3	1	1
hsa-miR-3182	136	127	128	26	41	54	74	116	1107	448	723	397
hsa-miR-769-5p	1103	911	859	46	29	44	59	898	34	18	19	20
hsa-miR-744-5p	1102	885	863	93	58	96	94	1022	74	44	40	39
hsa-miR-152	529	515	433	1014	667	674	1012	461	891	486	495	379
hsa-miR-208b	3	5	2	986	473	715	882	3	1	1	3	3
hsa-miR-328	924	853	758	145	111	143	150	980	50	31	32	20
hsa-let-7d-5p	781	846	718	393	231	326	389	954	356	160	163	149
hsa-miR-374b-5p	627	914	624	481	282	387	447	708	212	173	101	110
hsa-miR-222-3p	904	678	627	598	516	492	635	729	42	33	42	12
hsa-miR-199b-5p	50	66	49	886	500	581	903	66	76	49	34	35
hsa-miR-378c	24	13	18	893	466	656	662	13	92	71	66	47
hsa-miR-145-3p	234	228	217	834	564	699	854	256	212	99	141	100
hsa-miR-20a-5p	391	581	414	232	145	213	239	577	846	565	368	444
hsa-miR-95	758	835	714	314	143	173	208	769	47	44	28	25
hsa-miR-25-3p	575	657	584	414	298	300	341	609	805	507	406	356
hsa-miR-720	139	138	157	231	113	161	177	150	775	532	409	362
hsa-miR-16-5p	506	706	429	370	221	263	308	578	317	196	187	158
hsa-miR-30a-3p	431	435	379	701	552	570	617	332	172	113	98	65
hsa-miR-320a	619	552	532	289	212	227	277	696	701	399	326	280
hsa-miR-136-3p	698	617	515	40	21	36	39	685	84	42	41	29
hsa-miR-433	680	664	579	11	10	7	9	694	4	1	2	2
hsa-miR-98	612	622	558	176	98	147	168	683	166	89	82	66
hsa-miR-330-3p	679	534	498	15	9	10	14	590	7	7	6	3
hsa-miR-3065-5p	621	504	571	12	4	7	8	677	8	8	6	5
hsa-miR-140-5p	512	656	450	279	161	216	280	610	138	76	70	62
hsa-miR-204-5p	650	486	490	21	11	10	21	546	24	10	9	24
hsa-miR-323a-3p	639	579	580	3	1	2	7	610	10	6	6	2
hsa-miR-186-5p	456	474	387	612	405	500	636	479	431	229	240	216
hsa-miR-29b-3p	528	555	426	366	183	283	362	634	63	49	48	42
hsa-miR-185-5p	431	622	438	182	133	153	169	543	201	115	110	90
hsa-miR-1280	126	111	99	145	64	88	124	127	610	377	299	312
hsa-miR-200b-3p	34	31	14	7	4	6	3	39	586	285	312	278
hsa-miR-149-5p	566	506	468	34	35	41	47	573	8	12	4	2
hsa-miR-125b-2-3p	556	416	430	140	85	93	127	472	123	69	70	58
hsa-miR-4448	24	68	24	11	16	20	20	26	211	106	545	79
hsa-miR-361-3p	526	502	489	154	123	115	155	543	226	123	131	84
hsa-miR-455-5p	75	73	74	149	94	100	170	62	533	291	272	254
hsa-miR-1246	175	305	137	115	108	90	186	318	519	178	356	239
hsa-miR-5701	300	251	272	149	103	99	167	215	510	261	344	253
hsa-miR-4284	504	393	342	328	229	300	440	379	353	215	238	200
hsa-miR-598	358	478	340	25	15	18	25	465	9	2	4	3
hsa-miR-532-5p	431	316	304	287	249	222	335	323	376	171	185	148
hsa-miR-132-3p	369	430	309	13	17	10	20	383	17	3	4	7
hsa-miR-490-3p	51	53	38	423	260	270	353	56	4	3	1	4
hsa-miR-143-5p	78	109	70	379	284	308	415	108	70	48	44	30
hsa-miR-504	346	405	353	11	12	15	9	375	11	8	1	5
hsa-miR-874	334	348	256	107	69	87	109	382	10	5	4	5
hsa-miR-329	329	364	297	10	7	11	7	382	7	1	3	1
hsa-miR-495	366	344	302	18	14	14	14	342	12	18	13	9
hsa-miR-138-5p	361	311	261	0	2	2	2	356	2	3	2	1
hsa-miR-3184-5p	345	319	288	175	198	253	360	318	217	77	133	106
hsa-miR-363-3p	319	345	286	32	25	31	39	357	30	25	19	8
hsa-miR-146a-5p	183	179	137	105	53	64	96	207	356	210	179	153
hsa-miR-409-3p	340	325	291	36	26	47	34	292	46	21	27	8
hsa-miR-1307-3p	196	195	150	287	224	236	336	168	199	105	106	79
hsa-miR-206	1	4	0	321	220	220	331	2	1	1	1	0
hsa-miR-584-5p	323	327	260	41	23	26	29	311	5	0	1	2
hsa-miR-200a-3p	32	32	22	5	0	1	0	34	327	194	199	171
hsa-miR-28-3p	138	134	132	325	236	231	317	130	327	228	173	138
hsa-miR-3184-3p	326	294	266	151	122	116	134	292	248	111	125	98
hsa-miR-340-3p	307	260	252	68	32	44	56	319	54	36	32	32
hsa-miR-708-5p	254	310	237	14	12	16	19	319	1	1	2	1
hsa-miR-487b	261	270	243	8	5	8	8	313	4	6	2	2
hsa-miR-215	5	5	4	4	4	3	7	8	308	144	178	131
hsa-miR-543	291	262	251	20	17	20	19	302	15	7	9	8
hsa-miR-28-5p	123	104	97	300	153	250	245	119	194	116	141	131
hsa-miR-1180	299	285	254	24	16	35	32	255	12	8	9	6
hsa-miR-19b-3p	121	167	90	62	35	52	61	129	296	149	131	134
hsa-miR-1291	193	118	93	78	125	79	89	104	293	136	208	78
hsa-miR-577	189	293	204	2	0	0	1	265	1	1	0	0
hsa-miR-17-5p	118	212	106	126	47	70	89	170	292	191	102	155
hsa-miR-148a-5p	9	7	6	30	17	17	17	4	284	150	136	106
hsa-miR-342-3p	273	213	189	51	40	42	47	258	92	56	45	43
hsa-miR-181a-3p	253	253	223	32	22	25	36	270	18	7	4	6
hsa-miR-5100	16	20	7	50	26	26	49	20	267	181	140	95
hsa-miR-361-5p	195	265	185	97	61	79	84	255	66	44	44	28
hsa-miR-93-5p	193	253	169	101	59	62	102	257	190	122	111	94
hsa-miR-455-3p	13	15	8	46	17	31	33	20	253	130	132	113
hsa-miR-889	224	250	161	6	5	3	4	214	5	6	4	5
hsa-miR-107	153	248	141	92	43	54	63	219	130	90	51	83
hsa-miR-365b-3p	88	88	77	119	104	96	126	112	246	134	118	91
hsa-miR-374a-5p	144	243	150	158	60	105	125	232	86	69	45	55
hsa-miR-539-3p	200	193	143	2	1	2	3	242	2	6	2	2
hsa-miR-142-5p	52	49	48	64	27	34	35	61	241	117	106	98
hsa-miR-137	187	241	160	3	0	1	2	225	0	0	1	0
hsa-miR-34c-5p	239	202	182	6	3	5	4	208	2	1	2	4
hsa-miR-4443	181	235	163	65	63	152	149	218	170	69	205	43
hsa-miR-410	185	234	154	2	3	4	4	231	3	2	1	3
hsa-miR-132-5p	217	232	170	22	5	2	14	216	7	6	3	1
hsa-miR-652-3p	124	121	107	177	146	156	231	120	16	11	14	8
hsa-miR-135a-5p	186	230	158	59	27	37	45	221	2	0	1	1
hsa-miR-151a-5p	163	229	139	58	37	44	67	172	56	15	82	28
hsa-miR-330-5p	204	225	178	3	0	2	4	225	3	5	1	1
hsa-let-7d-3p	225	169	171	110	90	97	100	191	59	22	30	19
hsa-miR-323b-3p	221	177	193	2	0	1	0	179	2	1	1	3
hsa-miR-484	185	212	158	160	113	148	145	220	169	79	72	71
hsa-miR-197-3p	215	163	150	153	137	135	184	167	47	21	20	21
hsa-miR-181d	214	193	179	32	14	23	21	214	5	1	3	3
hsa-miR-452-5p	15	17	9	212	124	166	194	14	15	10	5	12
hsa-miR-2964a-3p	172	174	154	0	0	0	1	208	2	2	1	0
hsa-miR-195-5p	171	185	139	206	125	131	197	178	109	82	56	53
hsa-miR-4791	203	167	172	66	34	59	41	130	127	75	107	68
hsa-miR-181c-5p	194	161	118	27	10	16	23	153	2	3	1	2
hsa-miR-99b-3p	191	162	129	77	64	53	94	194	11	5	5	7
hsa-miR-628-5p	114	193	109	33	15	17	25	155	5	5	5	2
hsa-miR-654-3p	154	181	175	51	25	43	41	192	64	33	36	31
hsa-miR-378a-5p	4	7	5	183	99	124	186	5	47	15	22	19
hsa-miR-378e	4	4	0	186	97	103	162	3	24	12	15	10
hsa-miR-29c-3p	157	183	140	97	50	91	118	155	52	28	26	18
hsa-miR-3607-3p	182	109	112	105	81	62	123	112	149	114	79	93
hsa-miR-129-2-3p	169	182	150	2	0	2	0	181	1	3	0	1
hsa-miR-375	10	19	6	3	0	2	1	18	179	99	114	78
hsa-miR-34a-5p	137	160	129	54	44	43	45	179	82	47	49	33
hsa-miR-181a-2-3p	125	121	109	160	127	113	177	104	31	7	18	9
hsa-miR-656	124	136	130	7	3	5	6	175	3	4	4	1
hsa-miR-378f	3	8	5	173	89	133	168	3	23	12	11	11
hsa-miR-574-3p	94	83	80	110	57	59	81	91	164	99	65	59
hsa-miR-382-3p	123	164	137	6	2	3	6	152	7	1	4	3
hsa-miR-425-5p	122	161	100	31	15	14	31	132	55	36	32	35
hsa-let-7a-3p	129	123	109	122	96	121	125	159	158	79	85	74
hsa-miR-1296	107	131	121	11	6	10	12	157	10	7	3	7
hsa-miR-134	143	156	123	17	5	10	12	131	23	15	4	7
hsa-miR-129-1-3p	156	141	109	3	0	1	0	155	0	1	2	0
hsa-miR-335-3p	153	147	138	70	33	50	47	146	52	39	26	22
hsa-miR-122-3p	1	0	0	0	1	0	2	0	148	67	95	71
hsa-miR-335-5p	112	145	85	28	17	29	24	134	29	28	16	17
hsa-miR-485-5p	141	143	130	1	4	3	1	122	3	1	1	0
hsa-miR-224-5p	18	24	15	133	110	106	140	19	78	37	64	40
hsa-miR-378g	11	2	3	139	73	81	122	3	21	15	8	9
hsa-miR-382-5p	83	139	97	4	1	2	6	107	10	5	3	0
hsa-miR-409-5p	120	138	126	7	3	4	3	124	5	6	3	6
hsa-miR-203	97	138	83	13	7	7	8	110	104	59	44	52
hsa-miR-24-2-5p	23	19	11	131	69	101	133	23	17	7	11	14
hsa-miR-369-3p	103	124	89	13	6	9	11	132	20	12	5	8
hsa-miR-142-3p	41	47	24	38	8	16	35	42	132	67	69	69
hsa-miR-485-3p	90	112	105	5	1	1	3	130	4	2	2	1
hsa-miR-181c-3p	125	123	111	17	12	6	12	128	3	1	4	3
hsa-miR-1301	87	96	88	9	12	15	14	128	8	0	5	4
hsa-miR-4324	106	99	128	21	16	26	42	104	16	7	8	5
hsa-miR-505-3p	18	23	15	12	10	9	14	19	128	68	68	77
hsa-miR-144-3p	124	105	88	53	13	30	40	120	54	27	32	33
hsa-miR-127-5p	112	123	102	7	5	3	4	121	6	4	4	2
hsa-miR-885-5p	114	79	86	2	0	0	0	92	122	66	77	58
hsa-miR-21-3p	7	11	6	3	10	5	12	3	120	69	52	75
hsa-miR-1303	103	120	81	41	27	49	57	99	50	28	37	47
hsa-miR-486-3p	29	24	34	80	63	73	119	37	11	7	9	2
hsa-miR-125b-1-3p	107	119	92	41	33	39	38	88	3	4	0	1
hsa-miR-22-5p	32	35	28	117	68	72	90	52	54	30	29	16
hsa-miR-708-3p	111	114	111	13	4	4	4	97	2	1	1	1
hsa-miR-432-5p	95	113	91	3	2	1	4	107	3	6	3	1
hsa-miR-150-5p	39	60	49	111	55	75	110	72	67	31	31	29
hsa-let-7b-3p	104	103	82	37	37	35	55	107	49	16	22	18
hsa-miR-144-5p	70	107	63	28	24	30	28	89	37	24	13	9
hsa-miR-497-5p	91	84	83	82	32	55	64	107	44	24	16	23
hsa-miR-660-5p	71	68	64	53	30	36	44	74	107	44	43	46
hsa-miR-421	92	106	81	25	20	23	27	104	6	7	3	4
hsa-miR-193a-5p	18	17	11	36	17	21	35	19	101	45	72	42
hsa-miR-425-3p	99	101	62	31	17	23	28	80	26	15	24	19
hsa-miR-331-3p	61	100	54	43	19	28	35	70	31	29	14	11
hsa-miR-339-3p	70	76	44	54	23	38	39	97	14	9	8	9
hsa-miR-582-3p	84	96	76	4	2	4	1	72	16	9	10	7
hsa-miR-139-3p	95	87	83	6	2	8	14	86	8	2	3	5
hsa-miR-450a-5p	26	28	29	68	77	58	92	31	72	27	37	36
hsa-miR-221-5p	84	90	63	88	65	67	88	92	10	8	3	6
hsa-miR-941	81	81	90	70	57	44	55	80	54	28	23	12
hsa-miR-30c-2-3p	68	64	68	53	52	55	89	65	38	23	20	25
hsa-miR-32-5p	63	88	57	44	18	37	45	87	41	40	25	26
hsa-miR-210	59	54	50	57	40	61	66	68	88	41	40	42
hsa-miR-5585-3p	80	72	88	19	19	14	35	63	41	30	34	25
hsa-miR-345-5p	88	71	72	32	15	28	30	83	73	31	38	42
hsa-miR-935	87	43	60	1	0	0	2	69	1	0	0	0
hsa-miR-193b-3p	21	19	19	38	20	26	35	29	87	48	74	43
hsa-miR-106b-3p	82	87	75	41	32	37	43	80	87	45	39	38
hsa-miR-411-3p	85	77	45	7	2	4	9	76	3	5	5	6
hsa-miR-494	59	52	57	12	7	7	3	84	28	14	11	12
hsa-miR-3200-3p	83	71	59	6	5	1	5	76	1	0	0	0
hsa-miR-369-5p	74	83	49	10	2	9	4	64	5	3	4	3
hsa-miR-3074-3p	48	57	49	79	50	61	82	67	32	23	16	10
hsa-miR-3065-3p	65	69	62	2	2	1	1	81	6	3	1	3
hsa-miR-29c-5p	74	76	73	81	47	55	68	77	29	16	12	17
hsa-miR-422a	1	0	3	80	51	57	71	3	9	5	10	8
hsa-miR-429	8	13	5	1	0	0	1	5	78	29	34	32
hsa-miR-1271-5p	43	78	56	54	27	46	52	64	9	8	3	2
hsa-miR-625-3p	78	56	52	5	6	7	6	66	2	2	3	3
hsa-miR-153	59	78	54	1	0	0	0	77	1	0	0	0
hsa-miR-136-5p	67	77	44	7	2	1	6	75	6	3	2	7
hsa-miR-374a-3p	65	76	62	60	32	47	47	65	50	36	23	27
hsa-miR-124-5p	44	75	45	2	1	0	0	66	2	1	0	0
hsa-miR-106b-5p	59	75	66	31	11	33	32	72	42	28	23	23
hsa-miR-27b-5p	14	20	15	64	48	43	75	16	61	26	22	20
hsa-miR-1307-5p	68	74	60	62	49	57	62	63	65	37	22	34
hsa-miR-3615	66	65	71	20	17	21	25	73	55	24	31	26
hsa-miR-223-3p	18	22	24	33	16	16	17	26	72	35	43	28
hsa-miR-208a	0	0	0	72	18	33	43	0	0	0	0	0
hsa-miR-214-3p	12	13	4	68	46	60	69	8	61	41	35	31
hsa-miR-3591-5p	0	0	0	3	4	6	3	0	68	27	40	19
hsa-miR-3545-5p	62	53	58	10	4	2	3	67	31	20	23	16
hsa-miR-155-5p	44	50	45	22	8	15	22	46	65	28	32	26
hsa-miR-424-5p	13	12	6	34	13	25	27	9	65	37	28	38
hsa-miR-454-3p	65	47	39	33	27	24	31	55	8	7	6	4
hsa-miR-450b-5p	16	19	21	63	46	50	47	22	54	25	24	18
hsa-miR-483-3p	1	1	4	14	11	7	20	3	61	25	18	33
hsa-miR-302a-5p	1	2	4	34	25	46	60	3	0	1	0	0
hsa-miR-15a-5p	48	52	34	31	7	20	29	59	31	15	19	13
hsa-miR-542-3p	33	30	18	49	37	41	58	19	38	15	19	22
hsa-miR-4488	56	44	45	3	0	1	3	35	0	1	0	3
hsa-miR-302b-3p	1	0	5	43	36	30	55	4	0	0	0	0
hsa-miR-4286	10	13	13	8	6	4	6	10	55	34	25	29
hsa-miR-339-5p	45	55	41	13	12	16	22	52	33	16	21	15
hsa-miR-1275	22	26	19	5	4	5	2	29	55	27	22	31
hsa-miR-30d-3p	21	16	18	55	28	30	41	16	20	16	15	11
hsa-miR-130b-5p	33	31	29	20	7	15	15	25	54	32	48	27
hsa-miR-431-3p	52	53	42	0	0	1	0	44	1	0	0	1
hsa-miR-664-3p	35	46	38	53	23	29	38	37	41	30	20	16
hsa-miR-195-3p	24	18	21	53	34	29	35	17	14	7	11	9
hsa-miR-15b-5p	30	52	25	38	11	22	27	31	35	25	12	22
hsa-miR-182-5p	50	51	39	15	9	12	10	42	21	15	12	11
hsa-miR-592	42	39	23	1	1	0	0	51	16	7	6	9
hsa-miR-184	51	22	31	2	1	1	1	25	0	0	0	0
hsa-miR-758	50	44	47	4	0	1	2	49	7	2	1	2
hsa-miR-873-5p	50	49	46	1	0	0	0	46	1	1	1	0
hsa-miR-31-5p	45	49	35	1	0	1	1	33	1	3	1	1
hsa-miR-383	44	49	43	1	0	1	0	49	0	0	0	2
hsa-miR-488-3p	37	49	24	1	0	1	0	43	0	0	0	0
hsa-miR-212-5p	49	25	39	3	4	2	7	36	2	0	2	1
hsa-miR-19a-3p	27	25	28	11	11	8	12	32	48	27	37	24
hsa-miR-3135b	22	18	15	23	14	18	48	16	5	4	6	3
hsa-miR-3653	48	40	24	14	11	13	19	39	45	30	17	23
hsa-miR-760	42	48	34	2	2	3	1	45	0	0	1	0
hsa-miR-4497	39	32	28	21	28	28	47	37	36	10	22	22
hsa-miR-20b-5p	32	36	26	4	2	1	0	46	8	7	5	1
hsa-miR-651	20	24	11	44	26	36	37	13	10	9	12	7
hsa-miR-194-3p	1	1	1	0	0	0	0	1	44	31	29	18
hsa-miR-4454	17	31	21	25	21	17	20	38	44	25	19	22
hsa-miR-379-3p	22	43	21	3	1	0	0	28	0	1	0	0
hsa-miR-502-3p	23	23	29	28	14	22	19	43	30	33	14	12
hsa-miR-29b-2-5p	24	43	29	20	11	14	27	31	6	4	1	6
hsa-miR-377-3p	21	43	18	4	5	3	2	19	2	1	2	1
hsa-miR-1250	42	35	39	0	1	1	2	43	0	0	0	0
hsa-miR-106a-5p	30	42	33	13	7	8	11	32	41	16	10	14
hsa-let-7i-3p	40	27	28	24	18	22	26	42	7	5	4	11
hsa-miR-3607-5p	29	41	23	12	11	16	14	25	40	20	27	18
hsa-miR-346	41	32	28	0	0	0	4	36	0	0	0	0
hsa-miR-33a-5p	30	36	34	9	5	7	7	40	1	1	2	1
hsa-miR-2682-5p	39	27	17	1	0	0	0	13	0	0	0	0
hsa-miR-487a	26	38	21	1	0	0	0	29	0	2	1	0
hsa-miR-16-2-3p	22	17	13	31	26	29	28	16	38	12	25	16
hsa-miR-511	12	8	8	24	9	19	19	16	37	10	14	24
hsa-miR-146b-3p	30	31	31	2	1	2	8	24	37	31	21	25
hsa-miR-539-5p	25	36	21	3	1	2	0	37	0	0	0	0
hsa-miR-326	30	25	28	5	1	5	3	37	11	5	3	3
hsa-miR-1287	33	24	19	31	15	36	28	21	6	1	1	3
hsa-miR-148b-5p	32	33	32	21	8	19	16	36	27	20	18	16
hsa-miR-500a-3p	33	36	29	29	20	16	28	25	29	24	23	18
hsa-miR-3141	35	17	10	1	0	1	0	27	1	0	1	0
hsa-let-7e-3p	22	34	22	16	7	12	19	25	4	1	4	0
hsa-miR-105-5p	29	23	22	0	0	0	0	34	0	1	1	0
hsa-miR-618	5	10	13	33	19	20	29	10	32	19	14	17
hsa-miR-590-3p	25	33	29	17	10	11	16	23	9	12	12	9
hsa-miR-589-5p	19	33	27	5	7	7	10	15	13	4	8	8
hsa-miR-493-5p	10	19	7	33	23	16	29	15	26	10	13	4
hsa-miR-4485	17	26	23	14	15	19	32	28	21	10	12	8
hsa-miR-424-3p	9	7	6	27	17	23	30	10	31	10	23	12
hsa-miR-1224-5p	25	28	31	0	0	1	1	31	0	0	0	0
hsa-miR-190a	21	18	19	31	23	29	27	26	0	1	2	2
hsa-miR-655	25	25	25	4	0	1	1	31	2	2	2	2
hsa-miR-582-5p	20	12	16	0	0	0	2	29	4	7	2	1
hsa-miR-24-1-5p	6	11	6	29	9	21	17	10	5	4	3	4
hsa-miR-324-3p	20	29	20	5	3	9	6	29	11	3	1	2
hsa-miR-362-5p	13	21	9	12	22	19	29	16	13	9	7	7
hsa-miR-671-3p	16	28	23	13	8	7	13	25	10	3	3	4
hsa-miR-378h	1	1	0	22	8	24	28	0	4	5	1	0
hsa-miR-376a-5p	17	25	19	1	1	1	3	28	0	0	0	0
hsa-miR-183-5p	28	25	20	3	1	4	3	12	9	5	5	4
hsa-miR-3195	8	4	8	6	3	7	10	7	22	7	27	6
hsa-miR-324-5p	27	25	22	4	2	2	10	23	6	2	3	1
hsa-let-7f-2-3p	20	21	27	13	8	9	11	22	12	7	11	7
hsa-miR-5010-3p	27	21	24	1	0	0	2	26	4	2	0	1
hsa-miR-488-5p	13	18	19	0	1	0	0	26	0	0	0	0
hsa-miR-501-3p	26	14	25	18	17	15	14	17	13	5	11	11
hsa-miR-374b-3p	23	25	19	16	7	10	10	23	8	6	2	5
hsa-miR-3912	25	18	18	5	5	3	5	18	1	0	0	3
hsa-miR-4330	2	1	3	2	2	3	3	0	23	8	18	25
hsa-miR-629-5p	20	20	25	6	2	4	11	17	23	15	16	8
hsa-miR-4492	25	19	16	1	7	3	0	19	3	2	3	5
hsa-miR-2110	24	18	16	18	15	13	15	22	4	0	5	2
hsa-miR-503	9	10	7	21	10	22	24	13	24	16	10	6
hsa-miR-483-5p	3	2	1	12	2	3	9	3	24	11	13	13
hsa-miR-671-5p	17	24	13	6	3	4	5	16	7	4	5	3
hsa-miR-299-3p	19	17	24	1	3	3	3	20	3	1	2	3
hsa-miR-452-3p	1	0	1	24	13	12	13	2	2	1	0	1
hsa-miR-1185-1-3p	9	23	14	2	2	2	2	24	2	5	3	4
hsa-miR-17-3p	4	10	5	8	1	4	9	8	23	11	15	11
hsa-miR-548ah-3p	6	6	5	1	1	0	1	5	23	16	11	13
hsa-miR-378b	1	0	0	23	9	9	12	0	0	1	0	0
hsa-miR-185-3p	20	17	17	20	18	15	23	17	10	6	2	4
hsa-miR-628-3p	16	22	15	3	6	3	2	20	2	1	2	2
hsa-miR-769-3p	19	22	17	2	0	1	0	13	0	2	0	1
hsa-miR-668	22	14	11	0	0	1	0	20	0	0	0	0
hsa-miR-3161	21	16	15	8	7	2	13	14	8	9	6	4
hsa-miR-154-3p	16	17	9	0	0	1	1	21	1	1	0	0
hsa-miR-342-5p	18	16	13	3	0	1	1	21	8	1	8	5
hsa-miR-1197	14	16	21	0	0	0	0	20	0	0	0	0
hsa-miR-10a-3p	0	0	0	17	3	6	4	0	20	7	6	8
hsa-miR-491-5p	14	15	11	8	2	4	12	20	0	0	0	0
hsa-miR-99a-3p	14	16	10	20	4	10	7	17	12	5	13	8
hsa-miR-299-5p	12	20	13	0	0	2	4	12	1	1	0	1
hsa-miR-212-3p	20	11	12	1	1	0	1	11	2	1	0	2
hsa-miR-3676-5p	12	19	13	7	3	4	7	15	19	5	3	7
hsa-miR-378i	0	0	0	19	6	13	10	1	2	2	0	1
hsa-miR-154-5p	14	15	19	0	2	2	2	11	1	2	2	3
hsa-miR-130a-3p	12	12	19	17	13	19	17	13	15	6	6	5
hsa-miR-376c	18	17	18	4	4	2	6	19	3	1	1	3
hsa-miR-664-5p	17	13	19	10	12	5	6	17	7	3	6	7
hsa-miR-23b-5p	7	10	4	5	8	3	10	7	19	8	8	6
hsa-miR-766-3p	18	11	6	1	2	0	0	5	2	1	1	0
hsa-miR-331-5p	14	10	6	2	2	6	3	18	8	4	1	2
hsa-miR-876-3p	18	16	10	0	0	0	0	12	0	1	0	0
hsa-miR-7-1-3p	15	18	14	1	0	1	3	18	5	1	3	0
hsa-miR-30c-1-3p	10	13	14	18	11	15	18	16	11	7	5	4
hsa-miR-380-5p	17	13	6	0	0	0	1	9	1	1	0	0
hsa-miR-493-3p	4	2	4	17	8	12	11	5	13	5	7	5
hsa-miR-380-3p	10	12	3	1	0	0	0	17	0	1	0	0
hsa-miR-1225-3p	12	17	10	1	1	0	1	9	0	0	0	0
hsa-miR-576-3p	3	5	1	2	2	1	8	6	16	8	7	8
hsa-miR-1248	7	9	8	11	3	9	6	9	16	9	7	3
hsa-miR-200c-3p	8	5	3	4	2	1	2	4	16	6	9	6
hsa-miR-885-3p	12	5	13	0	0	0	0	6	16	10	9	7
hsa-miR-873-3p	11	9	8	0	0	0	0	16	0	0	0	0
hsa-miR-301a-5p	16	8	13	4	5	5	4	16	1	0	0	0
hsa-miR-654-5p	12	13	16	3	0	0	0	12	1	1	2	2
hsa-miR-1298	14	16	9	0	1	0	0	11	0	0	0	0
hsa-miR-30b-3p	4	2	1	14	10	8	14	9	16	3	2	7
hsa-miR-320b	15	12	7	1	1	1	3	16	5	5	7	4
hsa-miR-187-3p	16	8	13	5	2	3	6	15	2	1	1	1
hsa-miR-1226-3p	11	14	15	4	4	6	6	15	3	1	0	1
hsa-miR-4705	11	6	6	1	1	0	0	15	1	0	0	0
hsa-miR-3120-5p	2	1	2	15	10	8	12	1	5	7	8	7
hsa-miR-744-3p	12	11	15	1	2	0	2	13	1	1	1	1
hsa-miR-548x-5p	5	12	1	3	3	4	2	1	15	6	4	9
hsa-miR-877-5p	9	9	12	5	0	1	2	15	2	1	1	1
hsa-miR-1224-3p	11	15	7	0	0	0	0	15	0	0	1	0
hsa-miR-1827	10	11	9	8	7	4	6	15	5	5	1	1
hsa-miR-3120-3p	2	1	2	11	12	5	9	2	14	6	6	1
hsa-miR-101-5p	14	10	8	6	6	3	2	8	3	5	2	2
hsa-miR-181b-3p	14	12	5	1	4	4	4	9	0	0	0	0
hsa-miR-548k	9	5	4	5	3	3	3	14	5	2	6	10
hsa-miR-625-5p	13	14	11	1	2	1	3	14	2	0	1	0
hsa-miR-3609	14	6	8	4	2	7	4	9	3	7	6	1
hsa-miR-499a-3p	1	0	1	14	6	10	14	0	0	0	0	0
hsa-miR-767-5p	9	9	7	0	0	0	0	13	1	0	0	0
hsa-miR-548h-5p	1	0	1	1	1	1	2	2	13	6	4	2
hsa-miR-514a-3p	5	13	6	7	1	2	2	8	6	5	2	1
hsa-miR-135b-5p	8	8	9	0	1	0	0	13	5	2	4	1
hsa-miR-377-5p	10	11	7	0	0	0	0	12	1	0	0	2
hsa-miR-675-3p	0	0	0	8	2	8	4	1	12	3	2	1
hsa-miR-1343	4	10	12	3	2	0	1	10	0	0	1	0
hsa-miR-214-5p	2	0	0	9	6	8	7	1	10	12	3	9
hsa-miR-2277-5p	12	4	4	3	0	1	1	5	1	1	0	0
hsa-miR-548o-3p	6	6	6	8	3	3	3	6	12	5	3	1
hsa-miR-5683	12	9	11	2	0	0	0	7	0	0	0	0
hsa-miR-3117-3p	12	9	12	2	5	0	0	10	0	0	0	0
hsa-miR-26b-3p	3	8	9	12	3	2	6	10	9	4	4	4
hsa-miR-4662a-5p	5	12	4	5	3	3	3	9	5	8	2	0
hsa-let-7f-1-3p	4	4	7	9	5	4	6	5	12	5	6	4
hsa-miR-130b-3p	2	4	4	0	2	3	0	12	9	6	4	4
hsa-miR-4516	7	10	7	2	0	1	2	8	12	3	2	1
hsa-miR-4461	7	2	3	8	8	5	11	1	12	8	6	5
hsa-miR-372	0	0	0	12	7	3	1	0	3	1	0	0
hsa-miR-200a-5p	4	1	1	0	0	0	0	1	11	10	9	4
hsa-miR-4521	0	1	0	2	0	0	0	1	5	2	11	7
hsa-miR-5096	9	8	8	0	0	1	2	11	9	3	2	5
hsa-miR-1268a	3	4	0	0	0	1	0	2	11	7	5	10
hsa-miR-4532	1	6	2	4	2	11	6	2	4	4	1	1
hsa-miR-499b-5p	0	0	0	11	4	7	5	0	0	0	0	0
hsa-miR-138-2-3p	11	9	10	0	0	0	0	6	0	0	0	0
hsa-miR-15b-3p	9	8	11	4	1	7	6	8	8	5	5	4
hsa-miR-3909	9	9	7	11	8	8	6	11	7	3	2	2
hsa-miR-216b	1	2	2	1	0	1	0	2	11	4	5	5
hsa-miR-3176	4	6	2	0	1	1	2	2	11	5	10	4
hsa-miR-302d-3p	0	1	0	5	11	8	8	0	0	0	0	0
hsa-miR-26a-2-3p	8	4	10	8	1	9	3	9	2	0	2	2
hsa-miR-576-5p	4	9	4	10	4	5	3	4	10	2	9	7
hsa-miR-376a-3p	10	10	6	0	1	1	2	8	2	3	0	0
hsa-miR-490-5p	10	7	3	5	6	5	10	4	1	0	0	0
hsa-miR-217	7	10	7	3	1	6	5	6	9	7	2	10
hsa-miR-193b-5p	9	8	6	4	3	3	3	9	10	6	7	4
hsa-miR-204-3p	3	5	7	0	0	0	0	10	0	0	0	0
hsa-miR-1185-5p	5	7	3	1	0	0	0	10	2	0	0	0
hsa-miR-1261	0	0	0	0	0	1	0	1	10	2	3	1
hsa-miR-548e	6	5	3	7	7	8	5	5	10	4	10	6
hsa-miR-138-1-3p	9	2	2	0	0	0	0	8	0	0	0	0
hsa-miR-302a-3p	0	0	1	3	4	3	9	2	0	0	0	0
hsa-miR-3673	7	7	3	4	3	1	0	9	2	1	2	0
hsa-miR-3123	3	3	3	1	1	9	7	0	2	0	2	0
hsa-miR-27a-5p	9	4	3	5	3	3	2	3	1	6	5	9
hsa-miR-18a-5p	3	5	9	1	1	2	3	6	8	1	3	3
hsa-miR-3196	7	9	8	0	0	0	2	5	0	2	1	1
hsa-miR-585	9	3	6	2	2	4	2	2	0	1	0	0
hsa-miR-5589-3p	0	0	0	0	0	0	0	0	9	2	8	4
hsa-miR-454-5p	4	7	9	3	0	5	1	4	1	0	1	2
hsa-miR-337-3p	6	6	5	8	3	4	4	9	4	0	2	2
hsa-miR-2113	6	6	4	0	0	0	0	9	0	0	1	0
hsa-miR-32-3p	9	2	5	3	1	4	8	8	9	1	2	0
hsa-miR-505-5p	4	1	1	1	0	0	2	0	9	3	1	5
hsa-miR-4326	1	0	0	4	3	1	3	0	8	0	1	3
hsa-miR-641	8	1	1	4	1	1	0	2	3	3	1	3
hsa-miR-1972	4	4	8	2	1	1	2	8	1	0	1	3
hsa-miR-1468	0	2	3	3	1	1	2	7	3	8	4	2
hsa-miR-216a	1	2	3	0	1	0	0	8	4	1	0	1
hsa-miR-3943	3	4	8	0	0	0	0	7	0	0	0	0
hsa-miR-34c-3p	8	6	1	1	0	0	0	8	0	0	0	0
hsa-miR-1260b	5	5	1	8	1	3	6	2	6	4	1	2
hsa-miR-3656	8	3	4	2	2	1	3	4	1	1	0	0
hsa-miR-93-3p	5	8	3	2	3	2	0	4	3	2	1	1
hsa-miR-125a-3p	7	3	3	4	2	4	6	8	2	0	0	0
hsa-miR-224-3p	0	1	0	8	1	2	5	0	3	0	1	1
hsa-miR-642a-5p	0	1	4	2	8	3	3	4	0	0	0	0
hsa-miR-1264	4	8	6	0	0	0	0	5	0	0	0	0
hsa-miR-1973	4	6	1	2	3	3	3	8	4	2	3	3
hsa-miR-1306-5p	2	5	3	3	5	4	5	7	0	0	2	1
hsa-miR-532-3p	2	7	7	2	2	3	4	5	5	3	2	1
hsa-miR-320c	3	7	6	1	0	3	2	7	3	4	5	3
hsa-miR-92b-5p	7	6	4	0	0	0	1	7	1	0	0	0
hsa-miR-191-3p	4	7	2	1	0	0	1	4	0	0	4	0
hsa-miR-1273f	7	1	4	0	0	0	0	5	0	0	1	1
hsa-miR-675-5p	0	0	0	2	3	2	2	0	7	4	5	2
hsa-miR-548t-3p	6	7	1	1	0	3	0	2	6	1	1	1
hsa-miR-4484	2	1	4	7	6	5	5	3	2	0	0	1
hsa-miR-200b-5p	0	0	0	0	0	0	0	0	7	3	0	7
hsa-miR-548d-5p	6	2	3	1	2	0	1	7	1	0	2	1
hsa-miR-887	7	4	4	4	3	2	4	3	0	2	1	0
hsa-miR-522-3p	6	7	0	0	0	0	0	5	0	0	0	0
hsa-miR-192-3p	0	0	0	0	0	0	0	0	7	3	3	3
hsa-miR-365a-5p	6	2	2	7	1	4	4	3	3	3	0	4
hsa-miR-516a-5p	7	7	1	0	0	1	2	4	0	0	0	0
hsa-miR-3545-3p	3	0	2	0	0	0	0	7	0	0	0	0
hsa-miR-940	7	6	2	0	0	0	0	2	1	0	1	1
hsa-miR-323a-5p	5	7	6	0	0	0	0	3	0	0	0	0
hsa-miR-548ab	5	4	7	0	0	1	0	2	1	0	0	0
hsa-miR-1278	5	1	1	1	3	3	7	2	2	1	1	1
hsa-miR-296-3p	4	7	3	2	3	4	2	3	0	0	0	1
hsa-miR-877-3p	3	7	3	1	0	2	0	6	1	0	0	0
hsa-miR-665	3	6	2	3	1	1	1	0	2	1	0	0
hsa-miR-500a-5p	6	2	1	4	2	2	4	0	1	1	0	0
hsa-miR-3605-3p	4	4	6	3	6	5	3	6	0	3	1	0
hsa-miR-449a	1	1	0	0	0	0	0	6	1	0	0	0
hsa-miR-1252	6	3	6	0	0	0	0	6	0	0	0	0
hsa-miR-1285-3p	2	4	2	2	0	1	0	6	5	0	1	2
hsa-miR-34b-3p	3	6	3	0	0	0	0	3	0	0	0	0
hsa-miR-2355-3p	3	4	2	3	0	3	5	6	3	0	1	0
hsa-miR-770-5p	2	2	2	0	0	0	1	6	0	0	0	0
hsa-miR-4686	0	0	0	0	0	0	0	0	5	6	4	5
hsa-miR-501-5p	6	1	2	2	1	5	2	1	2	1	0	2
hsa-miR-1285-5p	5	3	2	1	0	0	1	6	1	1	1	0
hsa-miR-1295b-3p	0	0	0	0	0	0	0	0	6	3	4	4
hsa-miR-302c-3p	0	0	0	6	0	1	2	1	0	0	0	0
hsa-miR-644b-3p	2	5	6	1	0	3	0	5	1	2	0	2
hsa-miR-5684	6	6	6	2	0	0	1	6	3	1	2	1
hsa-miR-548y	2	3	2	6	5	6	5	0	1	1	1	1
hsa-miR-644b-5p	3	5	4	0	0	0	1	5	0	3	0	1
hsa-miR-1306-3p	5	4	3	3	0	3	3	0	0	0	0	0
hsa-miR-1908	1	2	5	0	0	1	0	2	0	1	0	0
hsa-miR-3124-5p	5	0	0	1	1	2	1	1	0	0	0	0
hsa-miR-96-5p	4	3	4	2	0	1	0	5	2	3	0	0
hsa-miR-223-5p	3	2	3	2	5	2	4	2	5	3	4	2
hsa-miR-3687	3	4	2	0	0	0	0	5	0	0	0	0
hsa-miR-548v	0	1	5	0	1	0	0	1	2	0	1	1
hsa-miR-3199	1	1	0	0	0	1	5	0	0	1	1	0
hsa-miR-556-5p	5	1	0	3	0	0	1	3	2	2	2	0
hsa-miR-18a-3p	0	3	4	0	0	5	1	4	4	1	0	0
hsa-miR-652-5p	2	3	0	5	4	4	5	2	0	0	0	0
hsa-miR-29b-1-5p	1	0	1	1	0	0	1	5	1	0	2	0
hsa-miR-33b-5p	4	5	0	0	0	0	0	3	0	0	0	0
hsa-miR-1247-5p	1	0	3	0	1	0	0	5	4	1	0	1
hsa-miR-552	3	5	2	1	0	0	0	5	0	0	0	0
hsa-miR-320d	3	1	1	0	0	1	2	3	5	2	2	0
hsa-miR-193a-3p	0	1	1	0	1	1	2	0	5	3	1	1
hsa-miR-1299	2	0	3	5	3	0	0	0	5	3	1	3
hsa-miR-4787-3p	3	4	4	0	0	0	0	5	0	0	0	0
hsa-miR-33a-3p	2	4	1	1	0	1	0	5	1	2	2	3
hsa-miR-3177-3p	3	0	2	0	0	2	1	5	0	0	1	0
hsa-miR-103a-2-5p	1	0	0	1	0	0	0	4	0	0	0	0
hsa-miR-4677-3p	3	2	4	2	0	0	3	1	1	0	3	2
hsa-miR-496	1	1	0	0	0	0	0	4	0	0	0	0
hsa-miR-4477a	0	0	0	0	0	0	0	0	4	2	2	3
hsa-miR-1277-5p	4	0	0	0	1	0	0	2	0	0	0	0
hsa-miR-5680	0	4	2	0	0	0	0	1	0	0	0	0
hsa-miR-657	4	2	1	0	0	0	0	0	0	0	0	0
hsa-miR-4291	1	1	1	4	3	4	3	1	2	0	1	0
hsa-miR-3591-3p	0	0	0	0	1	0	0	0	4	0	3	1
hsa-miR-2682-3p	0	3	1	0	0	0	0	4	0	0	0	0
hsa-miR-5589-5p	0	1	0	0	0	0	1	0	4	3	3	1
hsa-miR-4508	4	1	4	2	0	3	4	4	4	4	3	1
hsa-miR-4699-3p	0	0	0	0	2	4	1	0	1	0	0	0
hsa-miR-3614-5p	0	0	1	0	0	0	0	0	4	2	2	0
hsa-miR-141-3p	0	0	0	0	0	0	0	0	2	4	1	2
hsa-miR-1587	1	1	1	0	0	0	0	4	0	0	0	0
hsa-miR-1251	1	4	2	0	0	0	0	2	0	0	0	0
hsa-miR-450a-3p	2	1	2	3	0	3	4	1	1	2	0	0
hsa-miR-4313	1	0	2	4	1	1	0	1	1	0	0	0
hsa-miR-514a-5p	0	0	0	0	0	0	0	0	4	1	4	1
hsa-miR-4646-3p	0	1	3	0	0	1	0	4	0	0	0	0
hsa-miR-509-3-5p	4	3	2	0	2	0	0	1	0	1	0	3
hsa-miR-548ah-5p	0	1	1	0	0	0	0	1	4	1	1	1
hsa-miR-517b-3p	1	2	1	4	1	0	3	0	0	0	0	0
hsa-miR-549	4	1	3	0	0	0	0	3	0	0	0	0
hsa-miR-3180-3p	4	3	0	1	0	0	2	0	0	0	0	0
hsa-miR-1295a	0	0	0	0	0	0	1	0	4	2	0	1
hsa-miR-3605-5p	0	4	0	0	0	2	3	4	0	0	2	0
hsa-miR-10b-3p	1	0	1	2	4	3	4	0	0	0	1	0
hsa-miR-4999-5p	0	4	1	0	0	0	1	3	3	0	0	0
hsa-miR-3651	0	2	1	0	0	1	1	2	2	0	0	4
hsa-miR-516b-5p	0	2	0	3	4	1	4	0	0	0	0	0
hsa-miR-3913-3p	0	2	1	2	4	1	1	2	2	1	1	0
hsa-let-7a-2-3p	2	1	4	0	0	0	0	2	0	0	0	0
hsa-miR-548am-3p	1	1	0	0	0	0	0	1	4	0	1	4
hsa-miR-3178	1	2	0	2	0	0	1	1	4	2	1	1
hsa-miR-574-5p	0	0	0	1	1	0	0	1	4	0	0	2
hsa-miR-5095	4	4	3	0	0	0	0	3	1	2	1	0
hsa-miR-1976	3	4	4	1	0	0	2	4	2	1	0	0
hsa-miR-3622b-3p	1	0	3	0	0	0	0	1	0	0	0	0
hsa-miR-34b-5p	1	2	1	0	0	0	0	3	0	0	0	0
hsa-miR-5196-3p	1	0	0	0	0	0	0	3	0	0	0	0
hsa-miR-3681-3p	0	1	1	1	1	2	3	1	1	0	1	0
hsa-miR-4659a-3p	0	1	0	1	0	0	0	1	3	0	0	0
hsa-miR-202-5p	0	0	0	1	0	0	3	0	1	0	0	0
hsa-miR-3173-5p	1	1	1	1	3	0	1	0	1	0	0	0
hsa-miR-5584-5p	3	0	0	0	0	0	0	1	0	0	0	0
hsa-miR-3149	1	3	2	0	0	0	0	2	0	0	0	1
hsa-let-7g-3p	1	3	1	1	0	1	1	1	1	1	1	0
hsa-miR-23a-5p	0	0	0	3	1	0	0	1	0	1	0	0
hsa-miR-876-5p	0	3	0	0	0	0	0	2	0	0	0	0
hsa-miR-766-5p	0	3	2	0	0	2	0	3	0	0	0	0
hsa-miR-301b	0	1	3	0	0	0	0	1	0	0	0	0
hsa-miR-4685-3p	3	0	0	0	0	0	2	0	0	0	0	0
hsa-miR-5585-5p	1	3	0	0	0	0	0	2	0	0	0	0
hsa-miR-4640-3p	3	0	1	0	0	0	0	2	0	0	0	0
hsa-miR-147b	0	0	0	3	1	1	2	1	1	0	0	1
hsa-miR-653	3	3	1	1	1	2	1	1	1	0	1	0
hsa-miR-2681-5p	2	2	1	0	0	0	0	3	0	0	0	0
hsa-miR-26a-1-3p	0	1	0	0	0	0	0	0	3	0	0	1
hsa-miR-4665-5p	0	0	0	0	0	0	0	3	0	0	0	0
hsa-miR-512-3p	0	0	1	2	3	2	1	1	0	0	0	0
hsa-miR-541-3p	3	3	1	0	0	0	0	0	0	0	0	0
hsa-miR-676-3p	1	3	1	3	0	2	0	1	2	0	0	1
hsa-miR-942	3	1	3	0	0	0	1	1	1	0	1	1
hsa-miR-4429	3	0	1	0	0	1	0	1	0	1	0	0
hsa-miR-1229	1	2	0	3	0	0	0	2	0	1	0	0
hsa-miR-548ag	3	2	0	0	1	1	0	2	0	0	0	2
hsa-miR-519a-5p	3	0	0	2	0	0	0	0	0	0	0	0
hsa-miR-1304-3p	3	2	0	0	0	2	2	3	1	2	1	0
hsa-miR-3064-5p	3	1	2	0	1	0	0	0	1	0	0	1
hsa-miR-1254	0	0	0	0	0	1	3	0	1	1	0	0
hsa-miR-365b-5p	0	0	3	0	0	0	1	3	3	0	3	0
hsa-miR-3180-5p	1	3	1	1	1	1	0	0	0	0	0	0
hsa-miR-337-5p	3	1	0	1	1	0	2	2	0	1	1	1
hsa-miR-3928	2	3	2	0	0	2	1	0	0	0	0	2
hsa-miR-589-3p	0	3	2	0	0	0	0	1	0	1	0	0
hsa-miR-659-5p	3	2	1	2	0	1	0	3	3	3	2	0
hsa-miR-4458	0	0	0	0	0	0	0	0	3	1	0	0
hsa-miR-4645-3p	1	1	3	1	0	1	0	0	0	1	0	1
hsa-miR-624-5p	0	3	0	1	0	1	1	1	0	2	0	1
hsa-miR-550a-5p	2	1	3	1	0	1	1	0	0	0	1	0
hsa-miR-1273e	1	3	2	0	0	1	0	2	3	1	0	0
hsa-miR-432-3p	2	3	0	0	0	0	0	0	0	0	0	0
hsa-miR-550b-3p	0	0	0	0	1	3	0	0	0	0	0	0
hsa-miR-502-5p	1	1	0	2	0	0	0	3	0	1	0	1
hsa-miR-1277-3p	1	3	1	3	0	0	0	0	1	0	0	0
hsa-miR-3116	0	1	0	3	0	3	1	1	0	0	1	1
hsa-miR-3158-3p	1	2	3	2	1	2	3	2	0	0	1	0
hsa-miR-33b-3p	0	0	0	0	0	0	0	2	3	2	0	3
hsa-miR-25-5p	2	2	3	0	0	2	1	2	3	1	0	1
hsa-miR-4742-3p	1	0	1	1	1	0	0	3	0	0	1	0
hsa-miR-548a-3p	0	0	1	3	1	0	2	0	1	0	1	0
hsa-miR-4749-5p	3	0	1	0	0	0	0	0	0	0	0	0
hsa-miR-1249	2	3	1	0	0	0	0	0	0	0	0	0
hsa-miR-5689	3	0	0	0	0	0	0	0	0	0	0	0
hsa-miR-5006-3p	0	1	0	0	0	0	3	2	0	0	0	0
hsa-miR-130a-5p	0	0	1	3	0	0	0	1	0	1	1	1
hsa-miR-4473	0	2	0	1	1	0	1	3	2	0	0	0
hsa-miR-4507	3	1	0	0	0	0	0	0	0	0	0	0
hsa-miR-2355-5p	2	2	2	2	0	2	3	1	0	1	0	0
hsa-miR-376b	2	0	0	0	0	1	0	0	0	0	0	0
hsa-miR-3622a-5p	0	1	2	0	0	0	0	0	0	0	0	0
hsa-miR-4709-3p	1	1	0	0	0	2	0	0	0	0	0	0
hsa-miR-448	1	1	1	0	0	0	0	2	0	0	0	0
hsa-miR-5682	1	1	0	0	0	0	0	2	0	0	0	0
hsa-miR-4695-3p	0	0	0	0	0	1	0	0	0	2	0	0
hsa-miR-3622a-3p	0	0	1	0	0	0	0	2	0	0	0	0
hsa-miR-4421	0	2	0	1	1	0	0	2	0	0	0	0
hsa-miR-4486	0	0	0	0	0	0	0	0	2	2	1	0
hsa-miR-1179	1	2	1	0	0	0	0	0	1	0	0	0
hsa-miR-4797-3p	0	0	0	0	0	0	0	2	0	0	0	0
hsa-miR-548ar-3p	1	1	1	1	0	1	0	2	1	0	0	0
hsa-miR-4690-3p	1	2	0	0	0	0	0	0	0	0	0	1
hsa-miR-3917	0	2	0	0	0	0	0	1	0	0	0	0
hsa-miR-661	0	0	0	0	0	0	0	1	1	0	2	0
hsa-miR-5699	1	0	1	0	1	1	0	2	1	0	0	0
hsa-miR-20a-3p	0	0	1	1	1	0	0	2	0	0	0	0
hsa-miR-3677-5p	2	0	0	0	0	0	0	0	0	0	0	0
hsa-miR-3938	2	0	1	0	0	0	0	1	0	0	0	0
hsa-miR-105-3p	1	0	2	0	0	0	0	0	0	0	0	0
hsa-miR-1228-3p	1	1	1	0	0	0	0	2	0	1	1	0
hsa-miR-106a-3p	1	0	2	0	0	0	0	1	0	1	0	0
hsa-miR-548al	1	1	1	0	0	2	0	1	0	0	0	0
hsa-miR-548d-3p	0	0	2	1	0	0	1	0	1	0	0	0
hsa-miR-1912	1	0	0	0	0	0	0	2	0	0	0	0
hsa-miR-92a-1-5p	1	0	0	0	1	0	0	1	2	0	0	1
hsa-miR-1227	2	0	0	1	1	0	2	1	0	0	0	1
hsa-miR-1273c	0	0	0	0	0	2	1	2	0	1	0	0
hsa-miR-2276	2	1	0	0	0	0	0	0	2	0	0	0
hsa-miR-5586-5p	0	0	2	0	0	0	0	1	0	0	0	0
hsa-miR-548u	0	1	0	0	0	0	1	0	0	0	1	2
hsa-miR-4682	0	1	0	0	0	0	0	0	2	0	0	0
hsa-miR-301a-3p	1	1	2	1	0	2	0	2	0	0	0	0
hsa-miR-190b	1	0	0	1	2	0	1	0	2	1	2	0
hsa-miR-4676-3p	0	0	0	0	0	0	0	0	2	1	0	0
hsa-miR-2277-3p	0	2	0	0	0	0	0	0	0	0	0	0
hsa-miR-551b-3p	0	0	0	0	0	0	0	2	0	0	0	0
hsa-miR-323b-5p	1	2	0	0	0	0	0	1	0	0	0	0
hsa-miR-1323	0	0	0	2	0	1	1	0	0	0	0	0
hsa-miR-3613-5p	0	0	0	1	0	1	0	2	0	1	0	0
hsa-miR-4762-5p	0	0	0	2	0	0	0	0	0	0	1	0
hsa-miR-5696	0	0	0	1	0	0	0	0	2	0	0	0
hsa-miR-3168	0	0	0	0	0	0	0	0	2	0	0	0
hsa-miR-3960	0	1	0	0	0	0	2	1	1	0	0	1
hsa-miR-150-3p	0	0	0	2	0	0	0	0	0	1	0	0
hsa-miR-1258	1	2	0	0	0	0	0	1	0	0	0	1
hsa-miR-491-3p	2	0	2	1	0	0	2	1	1	0	0	0
hsa-miR-4524a-3p	1	1	1	2	0	1	1	1	1	2	0	1
hsa-miR-4459	0	1	0	0	0	0	2	1	0	0	0	0
hsa-miR-4728-3p	0	1	2	1	1	1	1	0	0	0	0	0
hsa-miR-548q	0	2	2	0	1	0	1	0	2	0	0	2
hsa-miR-4307	1	2	0	0	0	0	0	1	0	0	0	1
hsa-miR-3158-5p	0	0	0	0	0	2	0	0	1	0	0	0
hsa-miR-3128	2	0	0	0	0	0	1	1	0	0	0	0
hsa-miR-642a-3p	1	1	2	1	0	0	1	1	0	0	0	0
hsa-miR-3945	0	2	0	0	0	0	0	0	0	0	0	0
hsa-miR-4442	2	0	0	0	0	0	0	0	0	0	0	0
hsa-miR-663b	2	1	1	0	0	1	0	0	0	0	0	0
hsa-miR-1244	2	0	1	0	0	0	0	0	0	0	1	0
hsa-miR-548o-5p	2	0	0	0	0	1	1	2	0	0	0	0
hsa-miR-3688-3p	0	0	1	0	0	0	2	1	0	0	0	0
hsa-miR-4738-3p	0	0	2	1	0	0	0	2	0	0	0	0
hsa-miR-211-5p	2	1	2	0	0	0	1	0	0	0	1	0
hsa-miR-509-5p	0	0	2	0	0	0	0	0	1	0	0	0
hsa-miR-5187-5p	1	1	1	2	0	0	0	0	0	0	0	0
hsa-miR-1247-3p	0	0	0	0	0	0	0	0	2	2	1	0
hsa-miR-4306	2	2	1	1	1	1	1	1	0	2	1	0
hsa-miR-4802-3p	0	0	0	0	0	0	0	0	1	2	0	0
hsa-miR-3127-5p	0	0	2	2	0	1	0	0	0	0	0	0
hsa-miR-7-2-3p	0	1	0	1	0	0	1	2	0	0	0	0
hsa-miR-4732-3p	0	1	2	0	0	0	0	0	0	0	0	0
hsa-miR-663a	0	1	1	0	0	0	0	2	0	0	0	0
hsa-miR-4723-3p	0	0	2	0	0	0	0	0	0	0	0	0
hsa-miR-3146	1	1	1	0	0	0	0	0	2	0	1	0
hsa-miR-1273g-5p	1	0	0	0	0	0	0	2	0	0	0	1
hsa-miR-3134	0	1	2	0	0	1	0	0	0	0	0	0
hsa-miR-642b-3p	1	0	1	1	0	1	1	2	0	0	0	0
hsa-miR-4528	0	0	0	0	0	0	0	2	0	0	0	0
hsa-miR-616-5p	1	1	1	0	0	1	1	0	2	1	1	0
hsa-miR-1237	0	0	2	0	0	1	0	2	0	0	0	0
hsa-miR-548n	1	0	0	0	0	2	1	1	0	1	0	0
hsa-miR-5588-5p	1	0	0	0	0	0	0	0	1	1	2	1
hsa-miR-3143	0	0	2	0	1	0	0	0	0	0	0	0
hsa-miR-4697-3p	1	0	0	2	0	0	0	0	0	0	0	0
hsa-miR-4699-5p	0	0	0	2	0	0	0	0	0	0	0	0
hsa-miR-1304-5p	1	0	0	0	0	0	1	0	2	0	0	0
hsa-miR-1268b	1	2	0	0	0	0	0	0	2	1	0	0
hsa-miR-1185-2-3p	1	1	1	1	0	0	1	2	0	0	1	2
hsa-miR-524-5p	0	0	0	0	2	0	0	0	0	0	0	0
hsa-miR-4787-5p	0	0	0	0	0	1	2	0	1	0	0	0
hsa-miR-5581-3p	0	2	0	0	0	0	0	0	0	0	0	0
hsa-miR-29a-5p	1	2	1	2	0	0	1	0	1	1	1	2
hsa-miR-590-5p	0	2	0	0	0	0	1	1	0	0	1	0
hsa-miR-570-3p	0	0	0	1	0	0	0	1	0	0	0	2
hsa-miR-5001-3p	2	0	1	0	0	0	0	1	0	0	0	0
hsa-miR-31-3p	1	2	1	0	0	0	0	0	0	0	0	0
hsa-miR-676-5p	0	0	0	2	0	0	0	0	0	0	0	0
hsa-miR-1286	2	0	1	0	0	0	0	0	0	0	0	0
hsa-miR-550a-3-5p	0	2	1	0	0	1	0	0	0	0	0	0
hsa-miR-4796-5p	0	0	1	0	0	2	0	1	0	0	0	1
hsa-miR-1243	0	1	0	2	0	1	0	1	0	0	0	0
hsa-miR-4646-5p	2	0	0	0	0	0	0	0	0	0	1	0
hsa-miR-3139	0	2	1	0	0	0	0	0	0	0	0	0
hsa-miR-20b-3p	1	1	0	0	0	0	0	2	0	0	0	0
hsa-miR-4636	0	1	2	0	0	2	2	1	0	0	0	0
hsa-miR-548w	0	0	0	0	0	0	0	0	1	0	0	2
hsa-miR-146a-3p	1	0	0	1	0	0	0	0	2	0	1	0
hsa-miR-449c-5p	2	2	1	0	0	0	0	0	0	0	1	0
hsa-miR-4683	0	0	0	2	0	0	1	0	0	1	0	0
hsa-miR-548j	0	0	0	0	0	0	2	0	2	1	1	1
hsa-miR-607	1	0	0	0	0	0	1	2	0	0	0	0
hsa-miR-1292	1	0	1	0	0	2	0	2	0	0	0	1
hsa-miR-4781-3p	0	2	1	0	0	0	0	2	1	0	0	0
hsa-miR-1255a	0	0	1	1	1	1	1	2	0	1	1	0
hsa-miR-3127-3p	1	0	0	2	2	1	1	0	0	0	0	0
hsa-miR-4281	0	0	2	0	0	0	0	0	0	0	0	0
hsa-miR-4510	0	2	1	0	0	1	1	2	0	0	1	1
hsa-miR-4301	2	0	1	0	2	0	0	0	1	0	0	0
hsa-miR-100-3p	2	1	0	0	0	0	0	0	0	0	0	0
hsa-miR-3133	2	1	2	0	0	0	0	2	2	2	1	0
hsa-miR-4500	1	0	2	0	0	0	1	0	0	0	0	1
hsa-miR-3914	0	0	0	1	0	2	1	0	0	0	0	0
hsa-miR-3674	0	2	0	0	0	0	0	0	0	1	0	0
hsa-miR-4639-5p	2	1	0	0	1	0	2	1	0	1	0	0
hsa-miR-1283	1	1	2	0	0	0	0	0	0	0	1	0
hsa-miR-548z	0	0	1	0	0	2	0	0	0	1	0	0
hsa-miR-218-1-3p	0	1	2	1	0	0	0	2	0	0	0	0
hsa-miR-188-5p	2	1	0	0	1	2	0	2	0	1	0	1
hsa-miR-4775	0	0	1	2	2	2	0	1	1	1	0	0
hsa-miR-627	1	2	1	1	0	0	0	0	0	0	0	0
hsa-miR-3614-3p	0	0	0	0	0	0	0	0	2	1	0	0
hsa-miR-548g-3p	0	1	1	0	2	1	2	0	0	1	0	1
hsa-miR-1302	1	0	2	0	0	1	0	0	0	0	0	1
hsa-miR-548ao-3p	0	0	0	1	1	0	1	0	0	0	0	0
hsa-miR-3690	0	0	0	0	0	0	0	0	0	0	1	0
hsa-miR-3927	0	0	0	1	0	0	0	0	0	0	0	0
hsa-miR-3200-5p	0	1	0	0	0	0	0	1	0	0	0	0
hsa-miR-2909	0	0	1	0	0	0	0	0	0	0	0	0
hsa-miR-3681-5p	0	0	0	0	0	0	0	1	0	0	0	1
hsa-miR-548s	0	0	0	0	0	0	0	0	1	0	0	0
hsa-miR-3187-3p	0	0	0	0	0	0	1	1	0	0	0	0
hsa-miR-3155a	0	0	0	0	0	0	0	1	0	1	0	0
hsa-miR-562	0	0	0	0	0	0	0	0	1	0	0	0
hsa-miR-1276	0	0	0	0	0	0	0	0	0	1	1	0
hsa-miR-520g	0	0	0	1	0	0	0	0	0	0	0	0
hsa-miR-4520b-3p	0	1	1	0	0	0	0	0	0	0	1	0
hsa-miR-4732-5p	0	1	0	0	0	0	0	0	0	0	0	1
hsa-miR-1269a	0	1	0	0	0	0	0	0	0	0	0	0
hsa-miR-1289	1	0	1	0	0	0	1	1	0	0	0	0
hsa-miR-2278	0	1	0	0	0	0	1	0	0	0	1	0
hsa-miR-4474-3p	0	0	1	0	0	0	0	0	0	0	0	0
hsa-miR-5002-5p	1	1	1	1	0	1	0	0	0	0	1	0
hsa-miR-3691-5p	0	0	1	0	0	0	0	0	0	0	0	0
hsa-miR-4747-5p	0	1	0	0	0	0	0	0	0	0	0	0
hsa-miR-34a-3p	0	1	0	0	0	0	0	1	0	0	1	0
hsa-miR-4638-5p	1	1	0	0	0	0	0	0	0	0	1	0
hsa-miR-1267	0	1	1	0	0	0	0	1	0	0	0	0
hsa-miR-4463	0	0	1	0	0	0	0	0	0	0	0	0
hsa-miR-135a-3p	0	0	0	0	0	0	0	1	0	0	0	0
hsa-miR-548b-5p	1	0	0	0	0	0	0	1	0	0	0	0
hsa-miR-205-5p	0	0	1	0	0	0	0	0	0	0	0	0
hsa-miR-3162-3p	1	0	0	0	0	0	0	0	0	0	0	0
hsa-miR-499b-3p	0	0	0	0	1	0	1	0	0	0	0	0
hsa-miR-513a-3p	0	0	0	0	0	0	1	0	0	0	0	0
hsa-miR-4748	0	0	0	0	0	0	1	0	0	0	0	0
hsa-miR-4634	0	0	0	0	0	0	0	0	0	0	0	1
hsa-miR-4525	0	1	1	0	0	0	0	1	0	0	0	0
hsa-miR-3908	0	0	0	0	0	0	1	1	1	0	0	0
hsa-miR-186-3p	0	0	0	0	1	0	0	0	0	0	0	0
hsa-miR-943	1	1	1	0	0	0	0	1	0	0	0	0
hsa-miR-1282	0	0	1	0	0	0	0	0	0	0	0	0
hsa-miR-4731-5p	1	0	0	0	0	0	0	0	0	0	0	0
hsa-miR-5590-5p	0	0	0	0	0	0	0	0	0	1	1	0
hsa-miR-551b-5p	1	1	0	0	0	0	0	0	0	0	0	0
hsa-miR-1915-3p	0	0	0	0	0	0	0	1	0	0	0	0
hsa-miR-544b	0	0	0	0	0	0	0	0	0	0	1	0
hsa-miR-603	1	0	0	0	0	0	0	0	0	0	0	0
hsa-miR-4777-5p	0	0	0	0	0	0	0	0	0	0	1	0
hsa-miR-4491	0	0	0	0	0	1	0	0	0	0	0	0
hsa-miR-298	0	0	0	0	0	0	0	0	0	0	1	0
hsa-miR-542-5p	0	0	0	0	1	0	0	0	0	0	0	0
hsa-miR-1231	0	0	0	0	0	0	0	1	0	0	0	1
hsa-miR-937	1	0	1	1	0	0	0	1	0	0	0	0
hsa-miR-4438	0	0	0	0	0	0	1	0	0	0	0	0
hsa-miR-623	0	0	0	0	0	0	0	1	0	0	0	0
hsa-miR-519a-3p	0	0	0	0	0	0	0	1	0	0	0	0
hsa-miR-580	0	0	0	0	0	1	0	0	0	0	0	0
hsa-miR-600	0	0	0	0	0	0	0	0	1	0	1	0
hsa-miR-586	1	0	0	0	0	0	0	0	1	0	0	0
hsa-miR-3145-5p	0	0	0	0	0	1	0	0	0	0	0	0
hsa-miR-4693-3p	0	0	0	0	0	0	0	1	0	0	1	0
hsa-miR-1271-3p	0	0	0	0	0	0	1	0	0	0	0	0
hsa-miR-4445-3p	0	0	1	0	0	0	0	1	0	0	0	0
hsa-miR-593-5p	0	0	1	0	0	0	0	0	0	0	0	0
hsa-miR-1236	0	0	1	0	0	0	0	0	0	0	0	0
hsa-miR-4721	0	0	0	0	0	0	0	0	0	0	0	1
hsa-miR-3670	0	0	0	0	0	0	0	0	0	0	0	1
hsa-miR-4652-3p	0	0	0	0	0	0	0	1	0	0	0	0
hsa-miR-4449	1	0	0	0	1	0	1	0	0	0	0	0
hsa-miR-320e	0	0	1	0	0	0	0	0	0	0	0	0
hsa-miR-525-5p	1	0	0	1	0	0	0	0	0	0	0	0
hsa-miR-4690-5p	0	0	0	0	0	0	0	0	0	0	1	0
hsa-miR-4706	0	0	0	0	0	0	0	1	0	0	0	0
hsa-miR-1260a	1	0	0	0	0	0	0	0	1	1	0	0
hsa-miR-5692c	0	0	0	0	0	0	0	0	1	0	0	0
hsa-miR-5000-5p	0	0	0	1	0	0	0	0	1	0	0	0
hsa-miR-2392	0	1	0	0	0	1	1	1	0	0	0	0
hsa-miR-5690	0	0	0	0	0	0	0	0	0	0	0	1
hsa-miR-183-3p	0	1	0	0	0	0	0	0	0	0	0	0
hsa-miR-3119	0	0	0	0	0	0	1	0	1	0	0	0
hsa-miR-4680-5p	0	1	0	0	1	0	1	1	0	0	0	1
hsa-miR-4740-3p	1	1	1	0	0	0	0	0	0	0	0	1
hsa-miR-518b	0	0	0	0	0	0	0	1	1	0	1	0
hsa-miR-3126-5p	1	0	0	0	0	0	0	0	0	0	0	0
hsa-miR-4758-5p	0	0	1	0	0	0	0	0	0	0	0	0
hsa-miR-1255b-5p	1	0	0	0	1	0	1	0	0	0	1	0
hsa-miR-5708	0	0	0	1	0	0	0	0	0	1	0	0
hsa-miR-573	0	0	0	0	0	0	0	1	0	0	0	1
hsa-miR-4783-5p	0	0	0	0	0	0	0	1	0	0	0	0
hsa-miR-3686	1	0	0	0	0	0	0	0	0	0	0	0
hsa-miR-660-3p	0	1	1	0	1	0	1	1	1	0	0	0
hsa-miR-3160-5p	0	0	0	0	0	0	0	1	0	0	0	0
hsa-miR-765	0	0	1	0	0	0	0	0	0	0	1	0
hsa-miR-296-5p	0	0	0	1	0	0	0	0	0	0	0	0
hsa-miR-197-5p	0	0	0	0	1	0	0	1	1	0	0	0
hsa-miR-1911-5p	1	1	1	0	0	0	0	0	0	0	0	0
hsa-miR-4654	0	0	0	0	0	0	0	1	0	0	0	0
hsa-miR-188-3p	0	0	0	0	0	0	1	0	0	0	0	0
hsa-miR-550b-2-5p	1	0	1	0	0	0	0	0	0	0	0	0
hsa-miR-4527	0	1	0	0	0	0	0	0	0	0	0	0
hsa-miR-5697	0	0	0	0	1	1	0	0	0	0	0	0
hsa-miR-4519	0	0	0	0	0	0	0	0	0	0	1	0
hsa-miR-3661	0	0	0	0	0	0	0	0	1	0	0	0
hsa-miR-4638-3p	0	0	0	0	0	0	1	0	0	0	0	0
hsa-miR-939	0	1	0	0	0	0	0	0	0	0	0	0
hsa-miR-635	0	1	0	0	0	0	0	0	0	0	0	0
hsa-miR-4673	0	0	0	0	1	0	0	0	0	0	0	0
hsa-miR-1200	0	0	0	0	0	0	0	0	1	0	0	0
hsa-miR-4759	1	0	0	0	0	0	0	0	0	0	0	0
hsa-miR-643	0	0	0	0	0	0	1	0	0	0	0	0
hsa-miR-3169	0	0	0	0	0	0	0	1	0	0	0	0
hsa-miR-579	0	0	0	0	0	0	0	0	0	0	1	0
hsa-miR-520f	0	0	0	1	0	0	1	0	0	0	0	0
hsa-miR-605	1	0	0	0	0	0	0	0	0	0	0	0
hsa-miR-23c	0	0	0	1	0	0	1	1	1	0	0	0
hsa-miR-4717-3p	0	0	0	0	0	1	0	0	0	0	0	0
hsa-miR-1233	0	1	0	0	0	0	0	0	0	0	0	0
hsa-miR-517c-3p	0	0	0	1	0	0	0	1	0	0	0	0
hsa-miR-520c-3p	0	0	0	1	0	0	0	0	0	0	0	0
hsa-miR-608	0	0	0	1	0	0	0	0	0	0	0	0
hsa-miR-509-3p	1	1	0	0	0	0	0	0	1	0	0	0
hsa-miR-4764-3p	0	0	1	0	0	0	0	0	0	0	0	0
hsa-miR-4496	0	1	0	0	0	0	1	1	0	0	0	0
hsa-miR-4698	1	1	0	0	0	0	0	0	0	0	0	0
hsa-miR-548ae	0	0	1	0	0	0	0	0	0	1	0	0
hsa-miR-4743	0	0	0	0	0	0	0	0	0	0	0	1
hsa-miR-449b-3p	0	0	0	0	0	0	0	0	1	0	0	0
hsa-miR-5004-3p	1	0	0	0	0	0	0	0	0	0	0	0
hsa-miR-4679	0	1	0	0	0	0	1	0	0	0	0	0
hsa-miR-584-3p	0	0	0	1	0	1	0	0	0	0	1	0
hsa-miR-4655-5p	0	0	0	0	0	0	0	0	0	0	1	0
hsa-miR-508-3p	1	0	0	1	0	0	0	1	1	0	0	0
hsa-miR-3157-3p	0	0	1	0	0	0	0	1	0	1	0	0
hsa-miR-1294	0	1	1	0	0	1	0	0	0	0	0	0
hsa-miR-3157-5p	0	0	0	0	0	1	0	1	0	1	0	1
hsa-miR-4774-3p	0	1	0	0	0	0	0	0	0	0	0	0
hsa-miR-1270	1	0	0	0	0	0	0	1	1	0	1	0
hsa-miR-4323	0	0	1	0	0	0	0	0	0	0	0	0
hsa-miR-4677-5p	0	0	0	1	0	0	0	0	0	0	0	0
hsa-miR-3129-5p	0	0	0	0	0	0	0	1	0	1	0	0
hsa-miR-519d	0	0	0	0	1	0	1	0	0	0	0	0
hsa-miR-3132	0	0	1	1	0	0	0	0	0	0	0	0
hsa-miR-4760-5p	0	1	0	0	0	0	0	1	0	0	0	0
hsa-miR-4536-5p	0	1	0	1	1	0	0	1	0	0	1	0
hsa-miR-612	0	0	0	0	0	0	0	1	0	0	0	0
hsa-miR-4503	0	0	0	1	0	0	0	0	0	0	0	0
hsa-miR-4999-3p	0	0	0	0	0	0	0	0	0	0	1	0
hsa-miR-3130-5p	0	0	0	0	0	0	1	0	0	0	0	0
hsa-miR-4662b	1	0	1	0	0	0	0	0	1	0	0	0
hsa-miR-5193	0	0	0	0	0	0	0	0	0	0	1	0
hsa-miR-566	0	0	0	0	0	0	0	1	0	0	0	1
hsa-miR-371a-5p	0	0	0	1	0	1	0	0	0	0	0	0
hsa-miR-4659a-5p	1	0	0	0	0	0	0	0	0	0	0	0
hsa-miR-362-3p	0	1	0	1	0	0	1	1	1	0	0	0
hsa-miR-2681-3p	1	1	0	1	0	0	0	1	0	0	0	0
hsa-miR-3911	0	0	0	0	0	0	0	0	0	0	1	0
hsa-miR-1257	0	0	0	0	0	0	0	0	0	1	0	0
hsa-miR-4711-5p	0	0	0	0	0	0	0	1	0	0	0	0
hsa-miR-4667-5p	0	0	0	0	0	0	0	1	0	0	0	0
hsa-miR-3191-3p	0	0	0	0	0	0	0	0	1	0	0	0
hsa-miR-4664-3p	0	0	0	0	0	0	0	0	0	1	0	0
hsa-miR-4524b-5p	0	0	1	0	0	0	0	1	0	0	0	0
hsa-miR-4478	0	0	0	0	0	0	0	1	0	1	0	0
hsa-miR-1914-5p	0	0	0	0	1	1	1	1	0	0	0	0
hsa-miR-5089	1	0	0	0	0	0	0	0	0	0	0	0
hsa-miR-4795-5p	0	0	1	0	0	0	0	0	0	0	0	0
hsa-miR-571	0	0	1	0	0	0	0	0	0	0	0	0
hsa-miR-3175	0	0	0	0	0	1	0	0	0	0	0	0
hsa-miR-597	1	1	0	1	0	0	0	1	1	0	0	0
hsa-miR-4742-5p	0	0	0	0	0	0	0	1	0	0	0	1
hsa-miR-3194-3p	0	0	0	0	1	0	0	0	0	0	0	0
hsa-miR-4517	0	1	0	0	0	0	0	0	0	0	0	0
hsa-miR-4709-5p	1	1	0	1	0	0	1	0	0	0	0	0
hsa-miR-4661-3p	1	0	0	0	0	0	0	0	0	0	0	0
hsa-miR-3125	0	1	0	0	0	0	0	1	0	0	0	0
hsa-miR-4444	1	0	1	1	0	0	0	0	0	0	0	0
hsa-miR-4696	0	1	0	0	0	0	0	0	0	0	0	0
hsa-miR-518e-3p	1	0	0	0	0	0	0	0	0	0	0	0
hsa-miR-1284	0	1	0	0	0	0	1	0	0	0	0	0
hsa-miR-4781-5p	0	0	1	0	0	0	0	0	0	0	0	0
hsa-miR-1321	0	0	0	1	0	0	0	0	0	0	0	0
hsa-miR-759	1	0	0	0	0	0	0	0	0	0	0	0
hsa-miR-4741	0	1	0	0	0	0	0	0	0	0	0	0
hsa-miR-3675-3p	0	0	0	0	0	0	0	0	1	0	0	0
hsa-miR-3616-3p	0	0	1	0	0	0	0	0	0	0	0	0
hsa-miR-1255b-2-3p	1	0	0	0	0	0	0	0	0	0	0	0
hsa-miR-3915	1	0	0	0	0	0	0	0	0	0	0	0
hsa-miR-3117-5p	0	0	0	0	0	0	0	1	0	0	0	0
hsa-miR-4450	0	0	0	0	0	0	0	0	0	1	0	0
hsa-miR-4656	0	1	0	0	0	0	0	0	0	0	0	0
hsa-miR-4321	0	0	0	0	0	0	0	0	1	0	0	0
hsa-miR-3922-5p	0	1	0	0	0	0	0	0	0	0	0	0
hsa-miR-4745-3p	0	1	1	0	0	0	0	1	0	0	0	0
hsa-miR-2053	0	1	0	0	0	0	0	0	0	0	0	0
hsa-miR-626	1	0	0	0	0	0	0	0	0	0	0	0
hsa-miR-4501	0	0	1	0	0	0	0	0	0	0	0	0
hsa-miR-3064-3p	1	0	0	0	0	0	0	0	0	0	0	0
hsa-miR-4803	1	0	0	0	0	0	0	0	0	0	0	0
hsa-miR-548au-3p	0	0	0	1	0	1	0	0	1	0	1	0
hsa-miR-4772-3p	0	0	0	0	0	0	0	0	1	0	0	0
hsa-miR-614	0	0	1	0	0	0	0	1	0	0	0	0
hsa-miR-3193	0	0	0	0	0	0	1	0	0	0	0	0
hsa-miR-4783-3p	0	0	1	0	0	0	0	1	0	0	0	0
hsa-miR-892a	0	0	0	0	0	0	0	0	0	1	0	0
hsa-miR-5584-3p	0	1	0	0	0	0	0	0	0	0	0	0
hsa-miR-5010-5p	0	1	0	0	0	0	0	1	0	0	1	0
hsa-miR-4424	0	0	0	0	0	0	0	1	1	1	0	1
hsa-miR-3183	0	0	1	0	0	0	0	0	0	0	0	0
hsa-miR-556-3p	1	0	0	0	0	0	0	1	1	1	1	0
hsa-miR-367-3p	0	0	0	0	1	0	0	0	0	0	0	0
hsa-miR-4289	1	0	0	0	0	0	0	0	0	0	0	0
hsa-miR-4437	1	1	1	0	0	0	0	0	0	0	0	0
hsa-miR-5685	0	0	0	0	0	0	0	0	0	0	0	1
hsa-miR-4434	0	0	0	0	0	0	0	0	0	0	1	0
hsa-miR-3934	1	1	0	1	0	0	1	1	1	0	1	1
hsa-miR-4703-3p	0	0	1	0	0	0	0	0	1	1	0	0
hsa-miR-944	0	0	0	0	0	1	0	0	0	1	1	0
hsa-miR-1265	0	0	0	0	0	0	0	0	0	0	1	0
hsa-miR-4436b-5p	1	0	0	0	0	0	0	0	0	0	0	0
hsa-miR-3121-5p	0	0	0	0	0	0	0	0	1	0	0	0
hsa-miR-3679-3p	0	0	1	0	0	0	0	1	0	0	0	0
hsa-miR-3166	0	0	0	0	0	0	0	1	0	0	0	0
hsa-miR-3164	0	0	0	1	0	0	1	0	0	0	0	0
hsa-miR-548x-3p	0	0	0	0	0	0	0	1	0	0	0	0
hsa-miR-4632	0	0	0	0	0	0	0	0	0	0	0	1
hsa-miR-520d-5p	1	0	0	0	0	0	0	0	0	0	0	0
hsa-miR-4428	0	0	0	0	1	0	0	0	0	0	0	0
hsa-miR-4653-3p	0	0	0	0	0	0	0	1	0	0	0	0
hsa-miR-3529-5p	1	1	1	0	0	0	0	0	0	0	0	0
hsa-miR-5090	0	0	0	0	0	1	0	0	0	0	0	0
hsa-miR-3179	0	0	0	0	0	0	0	1	0	1	0	0
hsa-miR-3152-5p	1	0	0	0	0	0	0	0	0	1	0	0
hsa-miR-3919	0	0	0	0	0	0	0	1	0	0	0	0
hsa-miR-5707	0	0	0	0	0	0	1	0	0	0	0	0
hsa-miR-3916	0	0	0	0	0	0	0	0	1	0	1	1
hsa-miR-3937	0	0	1	0	0	0	0	0	0	0	0	0
hsa-miR-3170	0	0	0	0	0	0	0	0	1	0	0	1
hsa-miR-1266	0	0	0	0	0	0	0	0	0	0	1	0
hsa-miR-4755-5p	0	0	1	1	0	0	0	1	0	0	0	0
hsa-miR-3619-3p	0	0	0	0	0	0	0	0	1	0	0	0
hsa-miR-2114-5p	0	0	0	0	0	0	0	0	1	0	0	0
hsa-miR-888-5p	1	1	0	0	0	0	0	1	0	0	0	0
hsa-miR-222-5p	0	0	0	0	0	0	0	1	0	0	0	0
hsa-miR-4693-5p	0	1	0	0	0	0	0	0	1	0	0	0
hsa-miR-16-1-3p	0	1	1	1	1	1	0	0	1	0	0	0
hsa-miR-624-3p	0	0	0	0	0	0	0	0	0	0	0	1
hsa-miR-219-1-3p	1	0	0	1	0	0	0	1	0	1	0	0
hsa-miR-5581-5p	0	0	1	0	0	0	0	0	0	0	0	0
hsa-miR-1290	0	0	0	0	0	0	0	0	1	0	0	0
hsa-miR-3163	0	0	0	0	0	1	0	0	0	0	0	0
hsa-miR-4797-5p	1	0	1	0	0	0	1	1	0	0	0	0
hsa-miR-18b-5p	1	0	0	0	0	0	0	1	0	0	0	0
hsa-miR-4778-5p	0	1	0	0	0	0	0	0	0	1	0	0
hsa-miR-4800-3p	0	0	0	0	0	0	0	0	0	1	0	0
hsa-miR-3662	0	0	0	0	0	0	0	0	0	0	1	0
hsa-miR-4524a-5p	0	0	0	0	0	0	0	1	0	0	0	1
hsa-miR-3611	1	1	0	0	0	0	0	0	1	1	0	1
hsa-miR-3907	1	0	1	0	0	0	0	0	0	0	0	0
hsa-miR-4727-3p	1	1	1	0	0	0	1	0	0	0	0	0
hsa-miR-196a-5p	0	1	0	0	0	0	0	0	0	0	0	0
hsa-miR-4707-3p	1	0	0	0	0	0	0	0	0	1	0	0
hsa-miR-4667-3p	1	0	0	1	0	0	0	0	0	0	0	0
hsa-miR-890	1	1	0	0	0	0	0	1	1	0	0	0
hsa-miR-4325	0	0	0	1	0	0	0	0	0	0	0	0
hsa-miR-4669	0	0	0	0	0	0	0	0	0	1	0	0
hsa-miR-559	1	0	0	0	0	0	0	0	0	0	0	0
hsa-miR-4426	0	0	1	0	0	0	0	0	0	0	1	0
hsa-miR-4644	0	0	0	0	1	0	0	0	0	0	0	0
hsa-miR-520a-3p	0	0	0	0	0	0	1	0	0	0	0	0
hsa-miR-3154	0	0	0	1	0	0	0	0	0	0	0	0
hsa-miR-1471	0	1	0	0	0	0	0	0	0	0	0	0
hsa-miR-4675	0	1	0	0	0	0	0	0	0	0	0	0
hsa-miR-5590-3p	0	0	0	0	0	0	0	0	1	0	1	1
hsa-miR-4423-5p	0	0	1	0	0	0	0	1	0	0	0	0
hsa-miR-2116-3p	0	1	1	1	0	0	0	1	0	0	0	0
hsa-miR-548an	0	1	0	0	0	0	1	0	0	0	0	0
hsa-miR-4430	0	0	1	0	0	0	0	0	0	0	0	0
hsa-miR-4487	0	0	0	1	1	0	1	0	0	0	0	0
hsa-miR-1178	0	0	1	0	0	0	0	0	0	0	1	0
hsa-miR-658	0	0	0	1	0	0	0	0	0	0	0	0
hsa-miR-548ak	0	1	0	1	0	0	0	0	0	0	0	0
hsa-miR-3191-5p	0	0	1	0	1	0	1	0	1	0	0	0
hsa-miR-2467-5p	1	1	0	0	0	0	0	0	0	0	0	0
hsa-miR-5688	0	0	1	0	0	0	0	0	0	0	0	0
hsa-miR-3679-5p	1	0	0	1	0	0	1	0	0	0	0	0
hsa-miR-4714-3p	1	0	0	0	0	0	0	0	0	0	0	0
hsa-miR-1825	0	1	0	0	0	0	0	0	0	0	0	0
hsa-miR-196b-5p	1	0	0	0	0	0	1	0	1	0	0	0
hsa-miR-4504	0	1	0	0	0	0	0	0	0	0	0	0
hsa-miR-619	0	0	1	0	0	0	0	0	0	0	0	0
hsa-miR-1911-3p	0	0	1	0	0	0	0	0	0	0	0	0
hsa-miR-4417	1	0	0	0	0	0	0	1	1	0	0	0
hsa-miR-4649-3p	1	0	0	0	0	0	0	0	0	0	0	0
hsa-miR-4747-3p	0	1	0	0	0	0	0	0	0	0	0	0
hsa-miR-4637	0	0	0	0	0	0	0	1	0	0	1	0
hsa-miR-4470	0	0	0	0	0	0	0	1	1	0	1	0
hsa-miR-4687-3p	1	0	0	0	0	0	0	0	0	0	0	0
hsa-miR-1203	0	0	0	0	0	0	0	0	0	0	0	1
hsa-miR-615-3p	0	0	1	0	0	0	0	0	1	0	1	0
hsa-miR-4713-3p	0	0	0	0	0	0	0	0	1	0	0	0
hsa-miR-431-5p	1	1	1	1	0	0	0	0	0	0	1	0
hsa-miR-1305	0	1	0	0	0	0	0	1	0	0	0	0
hsa-miR-4763-3p	0	1	1	0	0	0	0	0	0	0	0	0
hsa-miR-548i	1	1	0	0	0	0	0	0	0	0	0	0
hsa-miR-606	0	0	0	0	0	0	0	0	1	1	0	0
hsa-miR-520a-5p	0	0	0	0	1	0	1	0	0	0	0	0
hsa-miR-3180	0	0	0	1	1	0	0	1	0	0	0	0
hsa-miR-3941	0	0	0	1	0	0	0	0	0	0	0	0
hsa-miR-4796-3p	0	1	0	0	0	0	0	1	1	1	1	0
hsa-miR-4482-3p	0	1	0	0	0	0	0	1	0	0	0	0
hsa-miR-489	0	0	1	0	0	0	0	0	0	0	0	0
hsa-miR-3620	1	0	1	0	0	0	1	0	0	0	0	0
hsa-miR-3148	0	0	1	0	0	0	0	0	0	0	0	0
hsa-miR-3135a	0	0	0	0	0	0	0	1	0	0	0	0
hsa-miR-4757-5p	0	0	1	0	0	0	0	0	0	0	0	0
hsa-miR-5571-3p	0	0	0	0	0	0	0	0	0	0	0	1
hsa-miR-3177-5p	0	0	0	0	0	1	0	0	0	0	0	0
hsa-miR-581	0	0	1	0	1	0	0	0	0	1	0	0
hsa-miR-3126-3p	0	0	0	0	0	0	0	0	1	0	0	0
hsa-miR-506-3p	1	0	0	0	0	0	0	1	0	0	0	0
hsa-miR-3145-3p	1	0	0	0	0	0	0	1	0	0	0	1
hsa-miR-2115-3p	1	1	0	0	0	0	0	1	0	0	0	0
hsa-miR-4460	0	1	1	0	0	0	0	0	0	0	0	0
hsa-miR-3675-5p	0	0	0	0	0	0	0	1	0	0	0	0
hsa-miR-4701-5p	0	0	0	0	0	0	0	0	0	1	0	0
hsa-miR-1273a	1	1	1	0	0	0	0	0	0	0	0	0
hsa-miR-3663-3p	0	0	0	0	0	0	0	1	0	0	0	0
hsa-miR-3923	1	0	0	0	0	0	0	0	0	0	0	0
hsa-miR-4441	0	0	0	0	0	0	1	0	0	0	0	0
hsa-miR-1913	0	0	0	0	0	1	0	0	0	0	0	0
hsa-miR-4666b	0	0	0	0	0	0	0	0	1	0	0	0
hsa-miR-4529-5p	0	1	1	0	0	0	0	1	0	0	0	0
hsa-miR-4676-5p	0	0	0	0	1	0	0	0	1	0	0	0
hsa-miR-1324	0	1	0	0	0	0	0	0	0	1	0	0
hsa-miR-4290	0	0	0	0	0	0	0	1	0	0	0	0
hsa-miR-526b-5p	1	0	0	0	0	0	0	0	0	0	0	0
hsa-miR-4688	0	1	0	0	0	0	0	0	0	0	0	0
hsa-miR-345-3p	0	0	0	0	0	0	0	0	1	0	0	0
hsa-miR-5187-3p	1	0	0	0	0	0	0	1	0	0	0	0
hsa-miR-1297	1	0	0	0	0	0	0	1	0	0	0	0
hsa-miR-3944-5p	0	0	0	0	0	0	0	0	0	0	1	0
hsa-miR-548at-5p	0	0	0	0	0	0	0	0	0	1	0	0
hsa-miR-1208	0	1	0	0	0	1	0	0	0	0	0	0
hsa-miR-4522	0	0	0	0	0	0	0	0	1	0	0	0
hsa-miR-767-3p	1	1	1	0	0	0	0	1	0	0	0	0
hsa-miR-4764-5p	0	0	0	0	0	0	1	1	0	0	0	0
hsa-miR-921	0	0	0	0	0	0	0	0	0	0	1	0
hsa-miR-1273d	0	1	0	0	0	0	0	0	0	0	0	0
hsa-miR-1538	1	0	0	0	0	0	0	0	0	0	0	0
hsa-miR-4750	0	0	0	0	0	0	0	1	0	0	0	0
hsa-miR-449b-5p	0	0	0	1	0	0	0	0	0	0	0	0
hsa-miR-5188	0	1	0	0	0	0	1	1	0	0	0	0
hsa-miR-4737	0	0	0	0	0	1	0	0	0	0	0	0
hsa-miR-4734	0	0	1	0	0	1	0	0	0	0	0	0
hsa-miR-1469	0	0	0	0	0	0	0	1	0	0	0	0
hsa-miR-1262	0	0	0	1	0	1	0	0	0	0	0	0
hsa-miR-4795-3p	0	0	0	0	0	0	1	0	0	0	0	0
hsa-miR-616-3p	0	0	0	1	0	0	0	0	0	1	0	1
hsa-miR-4786-3p	0	0	0	0	0	0	0	0	0	0	0	1
hsa-miR-802	0	1	0	0	0	0	0	0	0	0	0	0
hsa-miR-596	0	0	1	0	0	0	0	0	0	0	0	0
hsa-miR-3616-5p	0	1	0	0	0	0	0	0	0	1	0	0
hsa-miR-545-5p	1	0	1	0	0	1	0	0	0	0	0	0
hsa-miR-4773	0	1	0	0	0	0	0	0	0	0	0	0
hsa-miR-4668-3p	0	1	0	0	0	0	0	0	0	0	0	0
hsa-miR-545-3p	0	0	1	0	0	1	0	0	0	0	0	0
hsa-miR-5087	0	0	0	0	0	0	1	0	0	0	0	0
hsa-miR-450b-3p	1	0	0	0	0	0	0	0	0	0	0	0
hsa-miR-520d-3p	0	0	0	0	0	0	1	0	0	0	0	0
hsa-miR-3121-3p	1	1	0	0	0	0	0	0	0	0	0	0
hsa-miR-4790-3p	0	1	0	0	0	0	0	0	0	0	0	0
hsa-miR-4691-3p	0	1	0	0	0	0	0	0	0	0	0	0
hsa-miR-3654	0	0	0	0	0	0	0	0	1	0	0	0
hsa-miR-636	1	0	0	0	0	0	0	0	0	0	0	0
hsa-miR-363-5p	0	0	1	0	0	1	0	1	0	0	0	0
hsa-miR-520e	0	0	1	0	0	0	0	0	0	0	0	0
hsa-miR-578	0	0	0	0	0	0	0	1	0	0	0	0
hsa-miR-3150b-5p	0	0	0	0	0	0	0	1	0	0	0	0
hsa-miR-3174	0	0	0	0	0	0	0	0	0	0	0	1
hsa-miR-934	1	0	0	0	0	0	0	1	0	0	0	0
hsa-miR-548b-3p	1	0	0	0	0	0	0	0	0	0	0	0
hsa-miR-3667-3p	1	0	0	0	0	0	0	1	0	0	0	0
hsa-miR-4651	1	0	0	0	0	0	0	0	0	0	0	0
hsa-miR-1322	1	0	1	1	0	0	0	0	0	0	0	1
hsa-miR-4798-5p	0	1	0	0	0	0	0	1	0	0	0	1
hsa-miR-4518	1	0	0	0	0	0	0	0	0	0	0	0
hsa-miR-3944-3p	0	0	0	0	0	0	0	0	1	0	0	0
hsa-miR-548aw	0	0	0	0	0	0	0	1	0	0	0	0
hsa-miR-3973	0	1	0	0	0	0	0	0	0	0	0	0
hsa-miR-4727-5p	0	1	0	0	0	0	0	0	0	0	0	0
hsa-miR-4329	0	0	1	0	0	0	0	0	0	0	0	0
hsa-miR-4704-3p	1	0	0	0	0	0	0	0	0	0	0	0
hsa-miR-3664-3p	0	1	0	0	0	0	0	0	0	1	0	1
hsa-miR-451b	0	0	1	1	0	0	1	1	1	0	0	0
hsa-miR-4648	0	0	0	0	0	0	0	0	0	1	0	0
hsa-miR-551a	0	0	0	0	0	0	0	1	0	0	0	1
hsa-miR-3167	0	1	0	0	0	0	0	0	0	0	0	0
hsa-miR-1295b-5p	0	0	0	0	0	0	0	0	1	0	0	1
hsa-miR-4670-3p	0	0	0	1	0	0	1	0	0	0	0	0
hsa-miR-3144-3p	0	0	0	1	0	0	0	0	0	0	1	0
hsa-miR-4446-3p	0	1	1	0	0	0	0	1	0	0	0	0
hsa-miR-4703-5p	0	0	0	0	0	0	0	0	0	1	0	0
hsa-miR-5000-3p	1	0	1	1	0	0	1	1	0	0	0	0
hsa-miR-2467-3p	0	0	0	0	0	0	0	1	0	0	0	0
hsa-miR-4466	1	1	1	0	0	0	1	1	0	0	1	0
hsa-miR-5588-3p	0	0	0	0	0	0	0	0	1	0	0	0
hsa-miR-4425	0	0	0	0	0	0	0	0	0	1	0	0
hsa-miR-5091	1	0	1	0	0	0	0	0	0	0	0	1
hsa-miR-4662a-3p	0	1	0	0	0	0	0	0	0	0	0	0
hsa-miR-1245b-3p	0	0	0	0	0	0	0	0	1	0	1	0
hsa-miR-3165	0	0	0	0	1	0	0	0	0	0	0	0
hsa-miR-5695	1	0	0	0	0	0	0	0	0	0	0	0
hsa-miR-4701-3p	0	1	0	0	0	0	0	0	0	0	0	0
hsa-miR-3130-3p	0	1	0	0	0	0	0	0	0	0	0	0
hsa-miR-297	1	0	0	0	0	0	0	1	0	0	0	0
hsa-miR-3188	0	0	0	0	0	0	0	1	0	1	0	1
hsa-miR-3664-5p	0	0	0	0	0	0	0	0	1	0	0	0
hsa-miR-548l	1	0	1	0	1	0	0	0	0	0	1	0
hsa-miR-3136-5p	0	0	0	0	0	0	0	0	1	0	0	0
hsa-miR-629-3p	0	0	0	1	0	0	0	0	0	0	0	0
hsa-miR-891a	0	0	0	0	0	0	0	1	0	0	0	0
hsa-miR-374c-5p	0	0	0	0	0	0	1	0	0	0	0	0
hsa-miR-3150a-3p	0	0	0	0	0	0	0	1	0	0	0	0
hsa-miR-523-3p	0	0	0	0	0	0	1	0	0	0	0	0
hsa-miR-888-3p	1	0	0	0	0	0	0	0	0	0	0	0
hsa-miR-3115	0	1	1	0	0	0	0	0	1	0	0	0
hsa-miR-4746-5p	1	1	0	0	0	0	0	0	0	0	0	0
hsa-miR-4804-5p	1	0	0	0	0	0	0	0	0	0	0	0
hsa-miR-4733-3p	0	0	0	0	0	1	0	1	0	0	0	0
hsa-miR-3156-3p	0	0	0	0	0	0	0	1	0	0	0	0
hsa-miR-4671-3p	1	0	1	0	0	0	0	1	0	0	0	0
hsa-miR-933	0	0	1	1	0	0	0	0	0	0	0	0
hsa-miR-518c-3p	0	1	0	0	1	1	1	0	0	0	0	0
hsa-miR-3940-3p	0	0	0	0	0	0	1	1	0	0	0	0
hsa-miR-218-2-3p	0	0	0	0	0	0	0	1	0	0	0	0
hsa-miR-3920	0	0	0	0	1	0	0	0	0	0	0	0
hsa-miR-513c-3p	0	0	0	1	0	0	0	0	0	0	0	0
hsa-miR-2054	0	1	0	0	0	0	0	1	0	0	0	0
hsa-miR-544a	0	1	0	0	0	0	0	0	0	0	0	0
hsa-miR-15a-3p	0	0	0	0	0	0	0	0	1	0	0	1
hsa-miR-135b-3p	0	0	0	0	0	0	0	0	1	0	0	0
hsa-miR-548ai	0	1	0	0	0	0	0	0	0	0	0	0
hsa-miR-4520a-3p	0	1	0	0	0	0	0	0	0	0	0	0
hsa-miR-1909-5p	0	0	0	0	0	0	0	1	0	0	0	0
hsa-miR-1226-5p	0	0	0	0	0	0	0	1	0	0	0	0
hsa-miR-4657	0	0	0	0	0	0	0	0	0	1	1	0
hsa-miR-4767	0	0	0	0	0	0	0	1	0	0	0	0
hsa-miR-4423-3p	0	0	0	0	0	0	1	0	0	0	0	0
hsa-miR-5582-3p	1	0	0	0	0	0	1	0	0	0	0	0
hsa-miR-4786-5p	0	0	1	0	0	0	0	1	0	0	0	0
hsa-miR-513c-5p	1	1	1	0	0	0	0	0	0	0	0	0
hsa-miR-4800-5p	0	0	0	0	0	0	1	0	0	0	0	0
hsa-miR-4780	1	1	0	0	0	0	0	1	0	0	0	0
hsa-miR-4661-5p	0	0	0	1	0	0	0	0	0	0	1	0
hsa-miR-1234	0	0	0	0	0	0	0	0	1	0	1	0
hsa-miR-5591-3p	1	0	0	0	0	0	0	0	0	0	1	0
hsa-miR-4723-5p	0	0	1	0	0	0	0	0	1	0	0	0
hsa-miR-4749-3p	0	0	1	0	0	0	0	0	0	0	0	0
hsa-miR-4502	0	0	0	0	0	0	0	0	0	1	0	0
hsa-miR-4687-5p	1	0	0	0	0	0	0	0	0	0	0	0
totaldepth	559811	541880	466994	656757	448333	483117	640354	543255	543418	283303	369601	241410
