mir	20127_1_1	20127_1_2	20127_1_3	20127_1_4	20127_1_5	20127_1_6
hsa-mir-3128	1	1	1	0	1	1
hsa-mir-7-5p	294	318	663	318	363	331
hsa-mir-3658	0	0	1	2	1	1
hsa-mir-548ag	0	0	0	1	0	0
hsa-mir-2467-5p	115	131	198	134	126	166
hsa-mir-520f-3p	1	1	0	0	1	2
hsa-mir-222-3p	1571	1727	4266	1336	1602	2098
hsa-mir-612	0	1	4	0	6	1
hsa-mir-29c-3p	360	288	586	287	346	323
hsa-mir-4511	1	11	10	8	11	9
hsa-mir-30c-2-3p	0	6	0	5	8	5
hsa-mir-1289	10	8	20	9	11	11
hsa-mir-6780a-5p	2	0	1	2	0	1
hsa-mir-644a	0	1	2	1	0	0
hsa-mir-4707-5p	27	29	74	16	40	37
hsa-mir-3141	6	15	12	13	13	13
hsa-mir-766-3p	2	9	9	0	6	1
hsa-mir-5047	0	1	0	1	1	0
hsa-mir-5001-5p	4	6	16	18	12	17
hsa-mir-4743-3p	0	0	1	0	1	0
hsa-mir-518c-3p	1	0	0	0	1	0
hsa-mir-5009-3p	0	2	1	0	1	0
hsa-mir-539-5p	1	0	2	0	1	0
hsa-mir-4787-5p	0	1	0	1	1	2
hsa-mir-548w	0	0	4	0	0	1
hsa-mir-4510	0	0	0	0	1	0
hsa-mir-4699-5p	1	0	5	2	3	4
hsa-mir-1237-5p	3	0	0	0	2	4
hsa-mir-1298-3p	0	0	0	0	0	1
hsa-mir-4649-5p	0	1	0	0	0	0
hsa-mir-361-5p	275	357	679	295	406	307
hsa-mir-548al	10	7	7	2	6	4
hsa-mir-106a-5p	20	21	31	19	30	15
hsa-mir-1294	4	3	16	3	3	7
hsa-mir-6877-3p	0	3	2	2	5	2
hsa-mir-585-3p	0	0	0	0	1	0
hsa-mir-600	2	0	0	1	2	0
hsa-mir-138-5p	30	24	53	22	29	23
hsa-mir-6084	0	0	2	0	2	0
hsa-mir-1287-5p	88	76	147	74	96	101
hsa-mir-1304-5p	4	9	6	5	6	6
hsa-mir-4536-5p	2	1	0	0	0	2
hsa-mir-141-5p	2394	2160	4236	2123	2546	2365
hsa-mir-5692b	1	2	0	0	0	0
hsa-mir-4314	0	0	0	0	1	0
hsa-mir-378j	0	1	0	0	1	0
hsa-mir-200b-5p	300	483	887	472	525	254
hsa-mir-1911-3p	0	0	10	1	1	3
hsa-mir-369-5p	2	3	8	6	0	4
hsa-mir-3664-5p	5	5	11	0	4	9
hsa-mir-3158-3p	82	65	132	65	79	54
hsa-mir-9-5p	1295	1292	2054	1207	1445	1382
hsa-mir-4664-3p	152	135	212	113	167	161
hsa-mir-4461	77	100	129	132	122	96
hsa-mir-345-5p	7319	6218	10733	6354	7669	7337
hsa-mir-4713-3p	0	1	0	0	0	1
hsa-mir-6845-5p	2	0	1	0	2	0
hsa-mir-3919	0	1	0	0	0	0
hsa-mir-6885-5p	0	0	0	0	0	2
hsa-mir-4742-3p	10	13	15	2	2	6
hsa-mir-4781-3p	5	5	4	5	2	8
hsa-mir-6782-5p	3	2	5	1	3	6
hsa-mir-4508	9	19	15	35	23	16
hsa-mir-6816-3p	0	0	0	1	0	0
hsa-mir-185-3p	74	63	110	68	87	78
hsa-mir-6747-5p	0	1	1	1	1	0
hsa-mir-891a-5p	1	0	3	2	1	1
hsa-mir-320b	328	341	671	304	380	372
hsa-mir-486-5p	2483	2525	4498	2671	3120	3356
hsa-mir-205-5p	4989	4460	6601	3648	4952	4674
hsa-mir-1228-3p	1	0	2	1	1	7
hsa-mir-3139	3	1	14	7	16	14
hsa-mir-421	1422	1539	2639	1478	1877	1730
hsa-mir-1246	143	288	303	280	281	174
hsa-mir-6805-5p	1	4	8	3	5	11
hsa-mir-663a	2	18	23	20	11	24
hsa-mir-1250-3p	0	0	1	0	0	0
hsa-mir-3148	0	0	0	0	2	0
hsa-mir-6875-5p	6	8	7	6	8	6
hsa-mir-1287-3p	1	0	0	0	0	0
hsa-mir-6750-3p	3	0	5	0	2	2
hsa-mir-6851-5p	0	2	2	1	0	0
hsa-mir-411-5p	23	25	81	29	29	34
hsa-mir-195-5p	150	121	331	127	141	161
hsa-mir-3189-5p	0	0	0	1	0	0
hsa-mir-6741-5p	1	0	0	0	0	1
hsa-mir-8078	1	0	0	2	0	0
hsa-mir-6742-5p	1	0	0	0	0	0
hsa-mir-4478	1	3	3	2	2	0
hsa-mir-382-5p	2	0	3	3	0	3
hsa-mir-5579-3p	3	1	3	1	4	3
hsa-mir-1292-5p	40	48	100	38	63	39
hsa-mir-3165	1	0	3	7	5	1
hsa-mir-181b-2-3p	8	1	5	2	1	0
hsa-mir-7110-3p	17	46	38	33	35	27
hsa-mir-3679-3p	1	3	2	3	1	0
hsa-mir-4640-5p	7	8	15	9	9	14
hsa-mir-5706	4	7	1	0	9	3
hsa-mir-548am-5p	8	13	31	16	18	16
hsa-mir-6880-3p	0	0	0	0	0	1
hsa-mir-621	0	1	0	0	0	0
hsa-mir-3147	0	1	1	1	0	0
hsa-mir-135a-3p	6	4	0	3	7	3
hsa-mir-3175	12	14	20	15	20	13
hsa-mir-410-3p	65	50	110	43	57	67
hsa-mir-580-5p	0	0	0	0	0	1
hsa-mir-1267	0	1	2	0	1	1
hsa-mir-6814-3p	3	2	2	2	1	2
hsa-let-7a-3p	217	216	394	221	249	246
hsa-mir-766-5p	0	0	2	0	0	0
hsa-mir-4699-3p	0	1	2	1	0	0
hsa-mir-7106-5p	1	4	8	2	4	6
hsa-mir-346	2	4	16	2	3	7
hsa-mir-196b-5p	32	20	70	36	29	28
hsa-mir-658	0	1	1	1	1	1
hsa-mir-875-3p	0	0	1	0	0	0
hsa-mir-5690	1	6	7	1	1	7
hsa-mir-1272	9	5	36	16	11	9
hsa-mir-6746-5p	0	0	0	1	0	2
hsa-mir-3665	39	65	48	95	93	49
hsa-mir-4417	44	59	21	90	114	22
hsa-mir-340-5p	5613	5740	8262	5661	7375	6351
hsa-mir-4768-3p	0	1	2	0	0	0
hsa-mir-517b-3p	1	0	0	2	1	1
hsa-mir-6780b-3p	1	1	0	0	0	0
hsa-mir-5008-5p	0	1	0	0	0	0
hsa-mir-592	0	1	0	0	0	4
hsa-mir-4501	7	10	7	4	5	9
hsa-mir-6069	0	0	0	0	0	1
hsa-mir-6833-3p	0	0	0	1	0	1
hsa-mir-6802-3p	2	0	3	1	1	5
hsa-mir-6745	0	2	2	0	0	1
hsa-mir-559	0	1	2	2	0	1
hsa-mir-6786-3p	7	3	8	4	8	9
hsa-mir-548h-3p	3	1	2	1	1	1
hsa-mir-718	0	2	3	1	1	0
hsa-mir-499a-5p	1	2	4	0	2	2
hsa-mir-3688-5p	0	1	0	0	0	0
hsa-mir-4667-3p	0	0	1	0	5	0
hsa-mir-4737	10	2	7	6	5	2
hsa-mir-6746-3p	0	0	1	0	2	1
hsa-mir-551b-5p	0	0	2	0	2	2
hsa-mir-3907	3	2	1	1	0	3
hsa-mir-659-5p	10	17	58	20	15	27
hsa-mir-24-2-5p	253	255	885	267	324	374
hsa-mir-6799-3p	4	0	6	2	0	10
hsa-mir-380-5p	1	0	0	0	0	0
hsa-mir-1976	1	1	1	0	0	0
hsa-mir-892c-3p	1	3	7	7	3	6
hsa-mir-550b-3p	0	0	1	1	0	0
hsa-mir-4774-5p	2	2	3	0	0	0
hsa-mir-4785	4	4	1	2	0	2
hsa-mir-4755-5p	0	0	0	0	0	3
hsa-mir-548c-5p	0	0	1	0	2	2
hsa-mir-561-5p	229	243	387	268	284	267
hsa-mir-7110-5p	1	1	0	0	0	0
hsa-mir-143-3p	314	328	579	387	442	410
hsa-mir-6742-3p	6	3	4	2	1	1
hsa-mir-335-3p	1748	3194	6149	2407	3135	1760
hsa-mir-519d-5p	0	1	0	0	1	1
hsa-mir-541-3p	0	1	0	0	1	1
hsa-mir-125a-5p	31798	34562	86920	38246	39772	33554
hsa-mir-548aq-3p	0	2	4	4	2	2
hsa-mir-548o-5p	4	8	5	3	2	3
hsa-mir-4693-5p	0	0	0	4	1	0
hsa-mir-4640-3p	2	5	6	5	14	8
hsa-mir-4488	66	92	27	150	147	21
hsa-mir-4419b	1	9	8	10	5	10
hsa-mir-181a-5p	165908	160846	286640	153122	188630	213652
hsa-mir-128-2-5p	0	0	0	0	0	1
hsa-mir-223-3p	0	0	0	0	0	1
hsa-mir-2392	0	0	0	1	0	0
hsa-mir-6829-3p	0	0	0	1	1	0
hsa-mir-3126-5p	0	2	2	0	1	1
hsa-mir-545-3p	2	1	6	2	1	9
hsa-mir-646	1	0	0	0	0	0
hsa-mir-6847-3p	1	1	1	0	0	1
hsa-mir-5682	0	1	0	0	0	1
hsa-mir-224-5p	7	14	18	9	13	4
hsa-mir-3135a	12	14	20	26	17	16
hsa-mir-365b-5p	48	68	161	72	79	58
hsa-mir-708-3p	850	923	1323	842	1091	898
hsa-mir-3162-3p	0	0	0	0	0	1
hsa-mir-4326	0	0	1	0	0	3
hsa-mir-142-5p	0	0	3	0	0	0
hsa-mir-1292-3p	0	0	5	2	5	2
hsa-mir-4800-3p	1	0	0	0	1	0
hsa-mir-98-3p	104	87	192	109	151	144
hsa-mir-92b-5p	166	176	309	176	153	203
hsa-mir-6887-5p	0	4	2	2	0	1
hsa-mir-1207-5p	0	1	0	0	1	2
hsa-mir-150-3p	0	1	1	0	0	0
hsa-mir-1973	4	1	3	5	1	0
hsa-mir-328-3p	61	57	70	65	69	64
hsa-mir-6087	118	127	50	319	266	30
hsa-mir-4690-5p	1	1	4	3	0	1
hsa-mir-3150b-3p	2	2	9	3	9	7
hsa-mir-3173-5p	6	7	9	5	5	2
hsa-mir-624-3p	0	1	5	2	4	2
hsa-mir-623	0	0	1	0	0	0
hsa-mir-3917	3	5	3	7	6	5
hsa-mir-500b-5p	12	15	33	18	19	21
hsa-let-7b-3p	360	392	643	338	487	455
hsa-mir-30e-3p	1338	1264	2146	1343	1717	1534
hsa-mir-3666	0	0	2	0	0	0
hsa-mir-6715a-3p	3	1	0	1	1	0
hsa-mir-937-3p	150	116	193	155	156	156
hsa-mir-449c-3p	1	0	0	0	0	0
hsa-mir-548au-5p	14	18	21	9	18	7
hsa-mir-4455	0	1	0	2	1	2
hsa-mir-4743-5p	0	1	0	0	0	0
hsa-mir-455-3p	160	114	335	133	137	111
hsa-mir-30c-5p	7573	8050	16465	8328	10174	9433
hsa-mir-579-3p	0	0	0	1	0	1
hsa-mir-4436a	0	0	1	0	0	0
hsa-mir-4746-3p	0	1	1	0	1	0
hsa-mir-5196-3p	1	0	0	0	0	0
hsa-let-7g-3p	18	15	32	12	21	26
hsa-mir-633	0	1	0	2	0	0
hsa-mir-6825-5p	2	4	10	2	5	2
hsa-mir-3607-5p	4	0	2	1	1	4
hsa-mir-676-3p	8	6	10	9	11	7
hsa-mir-4296	1	0	0	0	0	0
hsa-mir-6729-5p	1	2	0	0	0	0
hsa-mir-7112-5p	0	1	3	3	1	1
hsa-mir-501-5p	41	66	85	54	59	66
hsa-mir-1260b	328	437	458	396	523	366
hsa-mir-148a-5p	1933	2020	2784	1839	2493	2361
hsa-mir-548az-3p	1	0	1	0	3	0
hsa-mir-30c-1-3p	57	50	111	51	45	48
hsa-mir-448	45	45	76	59	60	62
hsa-mir-6796-3p	0	0	0	0	0	1
hsa-mir-4751	3	2	4	2	7	4
hsa-mir-4787-3p	8	4	11	0	5	2
hsa-mir-19a-5p	18	21	39	9	7	9
hsa-mir-100-3p	0	0	0	0	2	0
hsa-mir-151b	1309	1520	2512	1470	1716	1273
hsa-mir-379-3p	0	0	1	1	0	2
hsa-mir-548f-3p	20	32	38	40	34	36
hsa-mir-614	0	0	0	0	0	1
hsa-mir-4762-5p	0	3	8	2	3	4
hsa-mir-7705	4	3	4	4	3	5
hsa-mir-4642	6	4	7	3	0	0
hsa-mir-6869-5p	2	1	4	1	1	3
hsa-mir-1268b	287	375	717	323	357	500
hsa-mir-148a-3p	32766	33364	55306	30655	40760	38194
hsa-mir-3167	0	1	2	1	0	1
hsa-mir-155-3p	1	0	0	0	0	0
hsa-mir-627-5p	27	23	56	30	31	16
hsa-mir-3942-5p	2	3	4	4	1	0
hsa-mir-4797-3p	2	3	7	2	3	0
hsa-mir-301a-5p	143	149	289	147	192	162
hsa-let-7b-5p	9987	8832	16638	8108	10341	9852
hsa-mir-7977	4	0	9	4	4	5
hsa-mir-19a-3p	207	430	625	533	322	545
hsa-mir-6840-3p	0	3	1	3	3	2
hsa-mir-5684	5	10	13	10	11	15
hsa-mir-4717-3p	5	14	36	19	25	16
hsa-mir-615-5p	122	78	95	116	129	70
hsa-mir-101-3p	10161	9713	15525	9651	12647	10848
hsa-mir-625-5p	241	213	389	223	272	222
hsa-mir-6849-3p	0	0	3	0	0	1
hsa-mir-4653-5p	2	0	1	0	0	0
hsa-mir-129-2-3p	5	3	5	4	3	3
hsa-mir-4728-3p	6	10	21	13	7	17
hsa-mir-4723-5p	3	1	1	1	2	1
hsa-mir-32-5p	69	51	106	67	64	66
hsa-mir-29a-5p	31	23	90	15	25	22
hsa-mir-6739-5p	0	1	2	0	1	1
hsa-mir-1244	1	2	2	0	0	0
hsa-mir-5002-5p	2	2	7	2	3	0
hsa-mir-767-5p	48	39	115	57	71	74
hsa-mir-1908-3p	39	30	55	49	35	44
hsa-mir-3656	10	2	4	4	4	3
hsa-mir-4280	0	0	0	1	0	0
hsa-mir-193b-5p	80	111	123	80	99	96
hsa-mir-4717-5p	0	0	1	0	0	0
hsa-mir-412-5p	1	1	1	1	1	2
hsa-mir-6769b-3p	2	1	6	0	1	3
hsa-mir-6768-5p	89	106	146	85	124	127
hsa-mir-1273g-5p	3	4	6	8	8	4
hsa-mir-4720-5p	0	0	2	0	0	0
hsa-mir-629-3p	20	14	25	25	26	24
hsa-mir-505-3p	228	223	503	225	264	223
hsa-mir-4666b	0	1	0	0	0	0
hsa-mir-5189-5p	2	2	9	10	4	0
hsa-mir-3605-3p	38	27	67	47	37	25
hsa-mir-4451	0	5	4	4	0	2
hsa-mir-6509-5p	0	0	1	0	3	0
hsa-mir-7843-5p	0	0	1	0	0	0
hsa-mir-190a-3p	0	0	2	0	0	0
hsa-mir-3115	0	0	7	1	3	4
hsa-mir-939-5p	22	22	40	26	16	42
hsa-mir-6837-5p	0	1	0	0	1	0
hsa-mir-3157-5p	1	1	0	2	2	2
hsa-mir-607	113	101	184	102	95	110
hsa-mir-1247-5p	432	316	865	349	385	460
hsa-mir-3074-3p	17	14	29	22	26	27
hsa-mir-331-5p	147	92	280	126	125	145
hsa-mir-6886-5p	65	41	114	56	55	64
hsa-mir-15a-5p	1020	933	1982	895	992	1121
hsa-mir-6719-3p	0	0	0	0	0	1
hsa-mir-4476	0	0	1	0	0	0
hsa-mir-4700-5p	1	0	3	1	0	0
hsa-mir-4670-5p	1	0	0	0	2	0
hsa-mir-6842-3p	4	3	7	5	8	4
hsa-mir-6777-3p	6	2	7	7	1	12
hsa-mir-5699-3p	18	17	19	23	27	23
hsa-mir-548at-5p	4	4	5	4	4	8
hsa-mir-4760-5p	6	4	5	4	6	7
hsa-mir-6892-3p	0	0	0	0	1	0
hsa-mir-4259	0	1	1	2	0	0
hsa-mir-6848-3p	0	0	1	1	0	0
hsa-mir-6075	0	0	0	1	0	0
hsa-mir-548ab	4	6	5	8	6	7
hsa-mir-6129	6	5	11	9	12	8
hsa-mir-3194-5p	16	16	45	10	18	16
hsa-mir-4669	3	2	3	3	2	2
hsa-mir-6806-3p	0	0	1	0	1	1
hsa-mir-6731-3p	0	1	0	0	0	0
hsa-mir-802	0	0	2	0	0	2
hsa-mir-5194	0	0	3	0	0	0
hsa-mir-374b-3p	1	0	1	2	0	2
hsa-mir-515-5p	6	8	15	12	15	14
hsa-mir-6785-5p	0	0	0	0	1	2
hsa-mir-6781-5p	0	1	1	0	1	2
hsa-mir-6812-3p	2	0	0	0	1	0
hsa-mir-937-5p	5	4	14	4	3	6
hsa-mir-6811-5p	24	34	31	24	29	23
hsa-mir-149-3p	34	52	60	51	57	59
hsa-mir-4424	36	35	55	43	34	29
hsa-mir-1277-5p	9	17	23	16	17	12
hsa-mir-3912-5p	0	0	0	0	1	0
hsa-mir-99b-3p	2057	1999	2978	1790	2394	2136
hsa-mir-583	0	0	0	0	0	3
hsa-mir-548ai	0	1	2	0	1	0
hsa-mir-4726-5p	0	3	7	0	7	4
hsa-mir-342-5p	228	244	506	309	283	283
hsa-mir-99a-3p	41	38	29	32	59	49
hsa-mir-3674	2	4	0	0	3	4
hsa-mir-449b-5p	0	2	5	0	1	1
hsa-mir-424-3p	115	78	101	91	108	111
hsa-mir-152-3p	217	247	362	210	281	220
hsa-mir-27a-3p	13816	13335	23824	13570	15689	14162
hsa-mir-3960	1083	1471	944	2457	2432	602
hsa-mir-4694-3p	0	0	1	0	0	0
hsa-mir-6856-3p	0	1	1	0	0	0
hsa-mir-130b-5p	586	788	1362	710	881	467
hsa-mir-6794-3p	2	0	2	1	0	2
hsa-mir-196a-5p	835	716	1541	817	840	888
hsa-mir-30a-5p	1984	2113	3568	2589	3023	3202
hsa-mir-4656	0	1	0	0	1	1
hsa-mir-6508-3p	1	0	0	2	1	0
hsa-mir-512-3p	8	8	16	10	10	9
hsa-mir-4764-5p	0	1	0	0	0	0
hsa-mir-4712-3p	1	3	6	1	1	1
hsa-mir-127-3p	22	13	22	6	13	8
hsa-mir-3153	0	0	1	1	2	1
hsa-mir-144-5p	3	2	6	1	1	5
hsa-mir-3939	19	11	18	15	17	15
hsa-mir-377-5p	0	0	1	0	1	0
hsa-mir-2355-3p	1	0	3	0	3	1
hsa-mir-6802-5p	0	3	4	0	1	2
hsa-mir-4298	0	0	0	0	0	1
hsa-mir-8071	0	1	11	0	0	0
hsa-mir-1914-5p	8	17	44	21	30	7
hsa-mir-4652-3p	1	0	0	2	0	0
hsa-mir-4792	624	639	651	957	938	572
hsa-mir-1258	0	0	1	0	0	0
hsa-mir-4524a-5p	0	0	1	0	0	0
hsa-mir-7853-5p	0	0	1	2	0	0
hsa-mir-126-5p	2661	2787	4685	2607	3181	2959
hsa-mir-5001-3p	13	21	25	11	13	16
hsa-mir-6882-3p	0	1	3	1	2	0
hsa-mir-5000-3p	28	18	40	24	22	15
hsa-mir-570-5p	0	0	0	0	0	1
hsa-mir-4695-3p	0	2	1	1	0	2
hsa-mir-8061	0	1	0	0	0	0
hsa-mir-3940-3p	17	15	38	20	29	15
hsa-mir-371b-5p	0	1	1	0	3	0
hsa-mir-6810-5p	2	3	1	1	0	0
hsa-mir-6735-5p	0	6	16	6	9	3
hsa-mir-4457	1	0	0	0	1	0
hsa-mir-1909-3p	2	0	2	1	0	1
hsa-mir-4725-5p	1	1	6	1	0	1
hsa-mir-4755-3p	0	0	2	0	0	1
hsa-mir-5187-5p	0	4	1	0	1	0
hsa-mir-376c-3p	1	0	3	0	0	4
hsa-mir-5091	0	1	1	0	6	5
hsa-mir-518c-5p	0	0	1	1	1	1
hsa-mir-3944-5p	3	2	3	4	3	2
hsa-mir-5708	22	34	64	35	39	44
hsa-mir-4269	0	1	0	0	0	0
hsa-mir-6789-3p	0	4	2	1	5	0
hsa-mir-4287	0	0	0	1	0	0
hsa-mir-365b-3p	403	519	1030	477	671	485
hsa-mir-3158-5p	0	0	2	0	0	0
hsa-mir-6133	1	1	1	0	0	2
hsa-mir-5587-3p	12	31	51	18	25	9
hsa-mir-135b-5p	22	13	28	14	18	15
hsa-mir-221-5p	42	143	456	132	114	95
hsa-mir-7109-5p	0	0	0	0	2	9
hsa-mir-548y	15	11	24	20	14	24
hsa-mir-6889-3p	0	0	0	1	0	0
hsa-mir-6810-3p	1	1	0	0	1	1
hsa-mir-648	1	0	0	0	0	0
hsa-mir-3934-5p	10	7	24	10	23	12
hsa-mir-4727-5p	0	0	0	2	0	1
hsa-mir-378d	60	90	110	77	78	84
hsa-mir-4483	6	7	11	7	6	9
hsa-mir-4687-3p	6	3	11	5	1	6
hsa-mir-548e-3p	24	19	76	24	32	19
hsa-mir-5187-3p	0	0	0	0	2	1
hsa-mir-4649-3p	0	1	1	0	0	0
hsa-mir-7703	7	11	14	13	13	14
hsa-let-7g-5p	16205	14977	26470	15126	17761	16209
hsa-mir-934	1	0	1	0	3	0
hsa-mir-4677-5p	1	2	1	1	3	1
hsa-mir-6792-5p	1	1	5	1	0	0
hsa-mir-6749-5p	0	0	2	2	1	2
hsa-mir-4724-5p	1	0	0	0	0	0
hsa-mir-6131	16	66	111	48	38	113
hsa-mir-3910	0	0	3	0	0	0
hsa-mir-4448	132	191	438	179	188	147
hsa-mir-6849-5p	1	0	0	1	0	0
hsa-mir-8056	0	1	0	0	0	0
hsa-mir-134-5p	1	2	4	2	1	1
hsa-mir-5581-3p	1	4	4	5	3	4
hsa-mir-652-5p	5	4	14	7	7	12
hsa-mir-6805-3p	0	0	0	0	1	2
hsa-mir-1180-5p	17	10	38	7	11	19
hsa-mir-4324	2	0	0	0	0	0
hsa-mir-1236-5p	1	0	0	0	0	3
hsa-mir-567	19	94	59	72	42	33
hsa-mir-4521	51	69	194	60	78	149
hsa-mir-124-3p	0	0	1	0	0	0
hsa-mir-95-5p	5	5	6	1	7	5
hsa-mir-1913	1	0	1	1	1	1
hsa-mir-3653-3p	11	11	32	19	12	35
hsa-mir-2117	0	0	1	0	0	3
hsa-mir-3160-5p	1	0	0	0	1	0
hsa-mir-1257	12	16	54	15	31	4
hsa-mir-892a	0	0	0	0	1	1
hsa-mir-6749-3p	0	1	6	1	1	2
hsa-mir-4680-3p	0	0	0	1	0	1
hsa-mir-181d-5p	1025	975	1677	973	1242	1019
hsa-mir-1269a	96	59	103	82	82	63
hsa-mir-330-3p	148	248	394	238	300	102
hsa-mir-6784-5p	1	0	0	0	0	0
hsa-mir-194-3p	7	15	15	11	7	20
hsa-mir-578	3	1	2	1	4	1
hsa-mir-1323	0	1	5	2	1	1
hsa-mir-3913-3p	1	3	0	0	0	0
hsa-mir-6803-3p	5	2	8	3	4	2
hsa-mir-5089-3p	0	1	0	2	0	0
hsa-mir-4762-3p	0	1	0	0	0	0
hsa-mir-4689	2	7	2	4	1	10
hsa-mir-3605-5p	13	10	33	16	15	17
hsa-mir-3140-5p	0	0	0	0	2	0
hsa-mir-4538	1	0	0	0	1	0
hsa-mir-6768-3p	0	0	0	0	0	1
hsa-mir-450a-2-3p	0	5	2	1	2	4
hsa-mir-92b-3p	62386	61247	103076	71629	77006	61753
hsa-mir-3682-3p	0	0	2	0	0	1
hsa-mir-7114-3p	0	1	1	0	0	0
hsa-mir-7113-3p	0	0	0	1	1	0
hsa-mir-4725-3p	2	3	20	5	2	7
hsa-mir-548k	446	582	921	565	623	584
hsa-mir-4662b	0	0	0	0	1	0
hsa-mir-548an	0	0	0	0	1	0
hsa-mir-219a-5p	3	3	7	1	7	2
hsa-mir-6824-3p	0	0	1	5	0	2
hsa-mir-210-3p	146875	170759	427931	2833	4132	2081
hsa-mir-147b	8	11	15	8	7	12
hsa-mir-589-3p	362	447	909	370	471	508
hsa-mir-6827-3p	2	5	0	1	0	0
hsa-mir-126-3p	308	281	717	326	331	317
hsa-mir-3190-5p	0	1	1	1	4	2
hsa-mir-483-3p	21	14	25	14	22	8
hsa-mir-182-5p	282783	301118	582785	315496	387244	355076
hsa-mir-6775-3p	2	0	3	0	2	2
hsa-mir-6793-5p	1	0	4	2	0	6
hsa-mir-130b-3p	2705	2485	4388	2175	2766	2650
hsa-mir-29a-3p	556	534	1284	446	610	567
hsa-mir-1238-5p	0	0	1	1	0	0
hsa-mir-320c	28	28	73	36	40	37
hsa-mir-197-3p	1148	1105	2128	1225	1230	1399
hsa-mir-5006-5p	0	0	0	2	0	0
hsa-mir-4668-3p	0	0	2	0	1	1
hsa-mir-518d-5p	1	0	0	0	1	0
hsa-mir-1911-5p	9	11	16	5	14	10
hsa-mir-6865-3p	0	0	1	0	0	0
hsa-mir-656-3p	1	1	0	0	0	0
hsa-mir-3126-3p	1	0	2	0	0	0
hsa-mir-6818-3p	0	0	2	0	2	0
hsa-mir-664b-3p	19	26	36	19	26	23
hsa-mir-4713-5p	46	54	78	39	54	40
hsa-mir-1296-3p	1	0	2	2	1	0
hsa-mir-6797-3p	7	3	13	4	5	4
hsa-mir-8082	0	0	0	1	1	1
hsa-mir-125b-2-3p	540	629	992	649	817	686
hsa-mir-6772-3p	0	0	1	0	0	0
hsa-mir-143-5p	0	0	0	0	2	1
hsa-mir-1284	7	12	51	12	8	6
hsa-mir-4798-5p	1	0	1	1	0	0
hsa-mir-6079	0	0	0	1	0	2
hsa-let-7i-5p	31010	29681	53424	29785	36123	32317
hsa-mir-3129-3p	0	0	1	0	0	0
hsa-mir-129-1-3p	0	1	0	0	0	0
hsa-mir-98-5p	23906	25757	47187	23291	28486	28593
hsa-mir-665	1	1	0	1	0	0
hsa-mir-539-3p	4	1	1	2	2	2
hsa-mir-3682-5p	0	0	2	0	0	1
hsa-mir-4639-5p	0	0	0	3	0	0
hsa-mir-3622b-3p	0	1	1	0	2	0
hsa-mir-7151-5p	0	2	1	0	1	0
hsa-mir-3196	55	62	30	113	125	19
hsa-mir-3169	0	0	0	0	0	1
hsa-mir-5090	2	1	6	2	4	1
hsa-mir-3200-5p	4	7	18	5	15	3
hsa-mir-4523	14	7	19	6	23	19
hsa-mir-1279	0	1	0	0	0	0
hsa-mir-8055	0	0	1	0	0	0
hsa-mir-3923	5	2	5	2	0	2
hsa-mir-301a-3p	9612	9938	19146	9886	11371	11329
hsa-mir-6515-3p	0	0	0	0	0	1
hsa-mir-5000-5p	0	1	0	0	0	0
hsa-mir-4749-3p	1	1	1	0	0	2
hsa-mir-4795-5p	0	2	0	0	0	0
hsa-mir-3664-3p	23	43	60	32	56	39
hsa-mir-505-5p	51	30	107	46	49	40
hsa-mir-6893-5p	0	4	4	4	1	4
hsa-mir-3187-3p	62	60	148	51	86	101
hsa-mir-548e-5p	37	43	75	55	50	67
hsa-mir-130a-5p	0	0	0	1	0	0
hsa-mir-6798-5p	0	0	1	0	0	0
hsa-mir-5582-3p	0	2	3	0	1	2
hsa-mir-3616-3p	1	0	0	0	0	2
hsa-mir-21-5p	1552480	1651054	2999318	1442365	1783329	1789469
hsa-mir-532-3p	66	102	187	97	93	139
hsa-mir-1248	0	1	3	3	2	1
hsa-mir-19b-1-5p	8	5	9	1	8	3
hsa-mir-4795-3p	0	0	0	0	2	0
hsa-mir-548x-5p	1	0	0	0	0	0
hsa-mir-5707	2	0	0	1	3	1
hsa-mir-487b-3p	4	0	8	1	1	7
hsa-mir-190b	6	14	20	18	17	20
hsa-mir-4764-3p	0	0	0	0	0	1
hsa-mir-3611	3	2	5	2	2	1
hsa-mir-6766-3p	0	0	3	0	2	1
hsa-mir-6894-5p	0	0	6	5	1	1
hsa-mir-670-3p	0	1	4	0	0	3
hsa-mir-132-3p	1003	852	1531	797	1044	1027
hsa-mir-378f	2	1	6	3	9	3
hsa-mir-218-1-3p	2	3	10	4	13	5
hsa-mir-1228-5p	0	1	1	0	2	1
hsa-mir-3691-5p	35	32	49	28	32	35
hsa-mir-6819-5p	0	0	0	0	1	0
hsa-mir-361-3p	162	165	312	150	179	186
hsa-mir-409-5p	3	11	37	7	14	8
hsa-mir-1273f	65	121	223	137	110	146
hsa-mir-145-5p	0	2	8	0	0	2
hsa-mir-19b-3p	603	1617	2213	1624	1053	1857
hsa-mir-380-3p	0	0	2	0	1	1
hsa-mir-492	0	5	4	4	0	3
hsa-mir-548bb-3p	0	0	2	1	2	4
hsa-mir-103b	0	1	0	1	0	0
hsa-mir-6514-3p	0	1	1	0	0	0
hsa-mir-885-3p	2	0	2	4	0	1
hsa-mir-4443	5	11	16	10	8	11
hsa-mir-4484	9	7	17	23	17	8
hsa-mir-2355-5p	5	5	10	2	5	6
hsa-mir-520f-5p	1	0	0	0	0	0
hsa-mir-7111-5p	1	0	11	2	2	1
hsa-mir-708-5p	156	129	236	134	155	138
hsa-mir-6073	5	6	6	4	5	10
hsa-mir-140-5p	56	47	92	62	38	40
hsa-mir-3663-3p	11	11	17	13	13	22
hsa-mir-6884-3p	1	0	1	0	1	0
hsa-mir-3179	1	0	0	1	1	1
hsa-mir-6859-3p	0	0	0	1	0	4
hsa-mir-3132	0	1	0	0	0	0
hsa-mir-516a-3p	0	0	1	0	0	1
hsa-mir-7154-3p	0	7	6	4	2	1
hsa-mir-4504	1	1	7	3	3	1
hsa-mir-378i	1	2	6	0	1	1
hsa-mir-1255a	83	64	97	84	91	89
hsa-mir-31-3p	0	0	0	1	1	0
hsa-mir-423-3p	8849	8362	14877	8716	9532	9173
hsa-mir-342-3p	5900	7439	18751	6739	8869	8486
hsa-mir-6080	0	0	0	0	0	1
hsa-mir-3136-5p	8	7	7	1	7	1
hsa-mir-490-3p	0	0	0	0	1	0
hsa-mir-548ah-5p	0	0	1	0	0	0
hsa-mir-153-3p	0	0	1	0	0	1
hsa-mir-4709-5p	2	0	2	1	0	0
hsa-mir-5191	2	0	0	0	0	1
hsa-mir-548ac	3	5	10	6	4	3
hsa-mir-3940-5p	7	4	5	2	7	4
hsa-mir-1827	1	1	1	1	0	3
hsa-mir-4682	3	5	9	1	4	3
hsa-mir-23b-3p	1822	1989	4489	1784	2059	2289
hsa-mir-6508-5p	1	3	0	1	0	0
hsa-mir-924	0	0	0	1	0	0
hsa-mir-3193	0	1	0	3	1	0
hsa-mir-2861	2	0	0	1	3	0
hsa-mir-3157-3p	6	7	3	2	1	1
hsa-mir-4748	0	2	2	1	1	0
hsa-mir-6785-3p	0	0	0	0	4	0
hsa-mir-3663-5p	0	0	0	2	0	0
hsa-mir-6767-5p	1	0	0	3	2	0
hsa-mir-34b-5p	1	2	2	2	1	0
hsa-mir-181a-3p	3991	3851	7395	3373	4277	4994
hsa-mir-135a-5p	3	1	9	3	1	2
hsa-mir-3928-3p	9	4	14	6	17	5
hsa-mir-4758-5p	1	1	4	2	1	1
hsa-mir-4786-5p	6	6	8	3	3	1
hsa-mir-4467	0	1	2	1	4	1
hsa-mir-936	0	2	0	0	0	0
hsa-mir-3652	4	2	2	2	3	2
hsa-mir-615-3p	1263	1929	3603	2296	2751	1397
hsa-mir-4802-3p	9	8	10	6	8	11
hsa-mir-6850-3p	14	24	42	28	38	32
hsa-mir-3661	31	46	113	33	44	66
hsa-mir-548d-5p	3	3	7	5	8	3
hsa-mir-203b-5p	0	0	4	0	1	1
hsa-mir-5588-3p	0	1	0	0	0	0
hsa-mir-3916	13	14	21	11	9	7
hsa-mir-545-5p	5	8	7	5	3	5
hsa-mir-596	0	0	1	0	0	0
hsa-mir-6875-3p	0	0	4	3	0	1
hsa-mir-212-3p	32	28	57	31	20	47
hsa-mir-4692	2	2	2	1	0	2
hsa-mir-1322	3	2	2	2	2	3
hsa-mir-4659a-5p	0	0	0	1	0	0
hsa-mir-4289	1	0	0	0	2	0
hsa-mir-4453	0	1	0	1	1	0
hsa-mir-634	0	0	0	1	0	0
hsa-mir-7641	604	876	1234	1009	988	1066
hsa-mir-6873-5p	3	0	0	1	0	0
hsa-mir-431-3p	0	0	0	0	0	1
hsa-mir-4723-3p	1	1	3	0	1	2
hsa-mir-1183	0	1	0	0	0	0
hsa-mir-4436b-3p	0	0	1	1	0	0
hsa-mir-2276-3p	23	28	74	40	31	29
hsa-mir-1180-3p	3241	2898	4569	3297	3686	3641
hsa-mir-326	382	398	667	352	425	439
hsa-mir-125b-1-3p	1	0	0	0	1	0
hsa-mir-4804-3p	0	0	1	1	0	0
hsa-mir-1224-3p	0	2	1	0	0	0
hsa-mir-1273h-3p	1	0	3	3	0	0
hsa-mir-15b-3p	334	298	587	375	408	521
hsa-mir-362-5p	46	55	95	41	71	66
hsa-mir-3937	0	0	3	1	0	0
hsa-mir-26a-2-3p	88	108	199	81	118	97
hsa-mir-6858-5p	2	4	9	9	5	5
hsa-mir-4491	0	0	1	0	0	0
hsa-mir-4756-3p	0	1	0	0	0	0
hsa-mir-4670-3p	1	2	6	1	0	3
hsa-mir-7852-3p	0	0	2	0	2	0
hsa-mir-641	67	54	93	48	51	59
hsa-mir-5588-5p	6	35	47	19	23	36
hsa-mir-548o-3p	11	37	38	34	28	35
hsa-mir-6791-3p	0	0	2	3	0	3
hsa-mir-1343-5p	4	3	9	1	6	6
hsa-mir-1234-3p	5	2	1	2	5	4
hsa-mir-122-5p	1	3	2	1	0	1
hsa-mir-6846-5p	1	0	0	1	1	0
hsa-mir-3945	0	0	0	0	2	0
hsa-mir-6813-3p	0	2	0	0	3	1
hsa-mir-450b-5p	474	598	1064	714	840	449
hsa-mir-129-5p	6	15	15	16	16	19
hsa-mir-183-3p	1037	870	1698	927	1127	1109
hsa-mir-3678-5p	5	4	9	6	5	6
hsa-mir-6759-3p	0	0	3	0	0	0
hsa-mir-153-5p	2	4	6	1	1	3
hsa-mir-6853-3p	0	0	0	0	0	1
hsa-mir-4674	0	0	8	1	1	1
hsa-mir-4463	14	46	69	41	28	47
hsa-mir-296-3p	774	688	1033	683	744	772
hsa-mir-569	0	0	0	0	0	2
hsa-mir-1251-5p	5	2	2	1	5	2
hsa-mir-635	0	0	0	0	0	1
hsa-mir-4292	0	0	2	0	0	0
hsa-mir-3613-5p	101	121	189	107	98	69
hsa-mir-216a-3p	0	0	2	0	0	0
hsa-mir-181b-3p	238	255	359	199	248	299
hsa-mir-558	1	3	5	4	1	3
hsa-mir-6765-5p	4	1	8	2	5	9
hsa-mir-92a-3p	194842	178253	319344	173692	213477	196087
hsa-mir-940	141	148	363	140	164	207
hsa-mir-544a	0	0	2	0	1	1
hsa-mir-4753-3p	0	1	2	1	0	0
hsa-mir-1910-5p	797	806	1483	949	908	1292
hsa-mir-6799-5p	0	1	4	2	0	0
hsa-mir-485-3p	1	0	4	3	3	2
hsa-let-7i-3p	74	35	108	47	54	47
hsa-mir-374a-5p	55	69	155	107	111	60
hsa-mir-3200-3p	180	185	291	175	217	168
hsa-mir-2467-3p	1	0	2	2	0	0
hsa-mir-136-3p	1	0	0	0	0	1
hsa-mir-765	4	4	2	0	3	2
hsa-mir-493-3p	0	0	1	0	0	1
hsa-mir-133a-3p	0	1	5	0	0	7
hsa-mir-3144-5p	3	5	6	4	1	0
hsa-mir-6838-5p	0	3	3	2	1	2
hsa-mir-885-5p	2	0	1	3	1	3
hsa-mir-4753-5p	0	0	2	0	1	1
hsa-mir-610	0	0	1	0	0	0
hsa-mir-194-5p	573	506	826	553	661	592
hsa-mir-5095	47	85	131	80	86	104
hsa-mir-1233-5p	0	0	1	0	0	0
hsa-mir-34a-3p	20	17	35	25	20	16
hsa-mir-653-5p	197	199	249	225	249	197
hsa-mir-30d-5p	34674	40938	57243	44557	51628	40746
hsa-mir-1245a	1	0	0	0	0	0
hsa-mir-1202	0	0	1	0	0	0
hsa-mir-449c-5p	18	16	21	16	18	21
hsa-mir-650	2	5	0	3	0	4
hsa-mir-519a-3p	2	0	5	0	2	1
hsa-mir-1252-5p	2	1	12	1	2	7
hsa-mir-6826-3p	0	0	3	0	0	0
hsa-mir-3166	0	1	0	0	0	0
hsa-mir-3160-3p	1	6	3	1	2	2
hsa-mir-4485-3p	228	350	578	629	359	166
hsa-mir-7975	0	0	0	0	1	2
hsa-mir-6822-5p	0	1	5	0	0	0
hsa-mir-3688-3p	4	4	2	2	4	3
hsa-mir-4775	37	49	83	25	37	40
hsa-mir-4766-5p	0	3	1	0	2	0
hsa-mir-639	1	0	2	0	2	1
hsa-mir-27b-5p	1833	1615	3792	1565	2087	2880
hsa-mir-6796-5p	1	1	0	0	0	0
hsa-mir-3127-3p	23	17	23	12	26	20
hsa-mir-7157-5p	0	0	1	0	0	0
hsa-mir-3182	277	1407	2194	1315	721	1949
hsa-mir-6889-5p	0	0	4	0	0	1
hsa-mir-128-1-5p	718	673	1279	625	873	1028
hsa-mir-501-3p	1586	3702	6519	2707	4098	2070
hsa-mir-6744-5p	23	12	33	19	23	18
hsa-mir-4313	0	0	2	0	0	0
hsa-mir-3675-3p	2	0	0	0	0	1
hsa-mir-3188	17	15	46	11	27	24
hsa-mir-6824-5p	0	0	1	0	1	0
hsa-mir-548i	2	6	4	1	3	2
hsa-mir-548aq-5p	0	1	2	0	2	0
hsa-let-7f-5p	116264	107366	210258	109458	130615	120585
hsa-mir-4534	0	0	1	0	0	0
hsa-mir-34a-5p	1345	1230	2316	968	1225	1282
hsa-mir-548ba	1	2	6	6	1	5
hsa-mir-320a	3295	3352	6102	3418	4014	3832
hsa-mir-7113-5p	1	1	1	3	1	4
hsa-mir-3143	5	2	7	5	4	4
hsa-mir-502-3p	88	142	255	109	147	78
hsa-let-7d-5p	14923	14205	25849	12035	16334	16361
hsa-mir-4676-3p	0	1	1	0	2	0
hsa-mir-597-3p	2	2	5	1	3	1
hsa-mir-5002-3p	0	0	0	1	0	0
hsa-mir-6754-3p	0	0	3	0	1	0
hsa-mir-548b-5p	10	12	18	11	15	6
hsa-mir-4330	0	0	0	0	1	0
hsa-mir-4766-3p	1	2	0	2	0	0
hsa-mir-4438	0	1	0	0	4	0
hsa-mir-1179	2	4	0	5	3	2
hsa-mir-3173-3p	0	2	2	2	2	0
hsa-mir-133b	0	0	0	0	0	1
hsa-mir-556-5p	22	16	58	33	27	19
hsa-mir-6124	0	0	0	1	0	0
hsa-mir-587	1	0	0	2	0	0
hsa-mir-378b	1	4	1	2	2	3
hsa-mir-877-5p	3802	3375	6727	3892	4049	4146
hsa-mir-4750-3p	0	0	2	0	0	0
hsa-mir-6739-3p	0	1	0	1	0	2
hsa-mir-3198	6	0	1	0	0	1
hsa-mir-6815-5p	12	12	17	7	6	8
hsa-mir-602	2	0	0	0	0	1
hsa-mir-339-3p	3518	3024	5866	2926	3587	3835
hsa-mir-3942-3p	1	2	1	1	2	0
hsa-mir-551b-3p	0	1	1	1	0	2
hsa-mir-503-3p	2	4	9	9	11	8
hsa-mir-338-5p	4	5	10	6	9	4
hsa-mir-3614-5p	26	16	41	29	23	21
hsa-mir-618	4	6	13	15	7	6
hsa-mir-24-1-5p	11	11	60	10	16	12
hsa-mir-6880-5p	1	0	2	0	1	1
hsa-mir-548aj-5p	2	1	5	3	2	1
hsa-mir-1302	0	0	3	4	1	0
hsa-mir-4525	14	13	24	7	10	19
hsa-mir-3662	4	11	26	7	9	14
hsa-mir-4636	1	1	2	0	0	1
hsa-mir-5087	2	2	7	7	7	9
hsa-mir-3622a-3p	0	0	1	1	0	0
hsa-mir-1-3p	0	1	0	0	0	0
hsa-mir-548p	0	2	0	0	0	0
hsa-mir-6776-3p	0	0	1	0	0	2
hsa-mir-6837-3p	17	12	22	12	15	19
hsa-mir-6770-5p	3	2	12	3	5	0
hsa-mir-410-5p	0	0	1	0	0	0
hsa-mir-1295a	0	1	4	0	2	0
hsa-mir-411-3p	0	1	5	0	1	1
hsa-mir-4691-3p	4	1	6	7	2	9
hsa-mir-222-5p	160	218	238	141	171	120
hsa-mir-4528	0	0	0	0	1	0
hsa-mir-155-5p	13	7	17	8	12	11
hsa-mir-215-5p	20	20	25	15	16	14
hsa-mir-4688	12	7	7	6	13	13
hsa-mir-4676-5p	0	0	0	1	2	0
hsa-mir-5189-3p	1	2	5	2	1	0
hsa-mir-4651	1	0	5	1	1	2
hsa-mir-624-5p	16	21	70	24	31	24
hsa-mir-6881-3p	0	0	1	1	0	1
hsa-mir-324-3p	338	357	623	346	360	382
hsa-mir-3064-3p	1	1	1	0	1	0
hsa-mir-6847-5p	20	20	54	24	28	20
hsa-mir-409-3p	81	83	145	84	83	103
hsa-mir-550a-5p	0	3	1	0	0	3
hsa-mir-106b-3p	4284	3937	6142	3423	4712	4360
hsa-mir-4658	1	0	5	0	0	0
hsa-mir-4421	0	0	0	2	0	2
hsa-mir-20a-5p	5056	5073	8942	4281	5402	5654
hsa-mir-1229-3p	17	24	56	24	22	39
hsa-mir-4738-3p	2	7	10	2	7	1
hsa-mir-96-5p	1661	6094	22166	5654	6206	3961
hsa-mir-7855-5p	1	0	0	0	0	0
hsa-mir-6783-3p	1	3	4	7	4	2
hsa-mir-6815-3p	4	3	6	2	3	4
hsa-mir-491-5p	5	1	1	1	1	3
hsa-mir-4767	19	9	17	5	20	11
hsa-mir-95-3p	135	222	289	177	256	127
hsa-mir-3918	0	0	4	2	2	4
hsa-mir-6820-5p	2	4	7	2	1	1
hsa-mir-5088-3p	0	2	3	1	2	4
hsa-mir-5003-5p	0	0	0	0	1	2
hsa-mir-651-5p	4	1	3	1	1	1
hsa-mir-1226-5p	26	27	38	24	23	31
hsa-mir-3926	0	0	1	0	0	0
hsa-mir-660-5p	723	636	1051	660	747	713
hsa-mir-105-5p	5	8	11	2	8	2
hsa-mir-4746-5p	148	119	239	158	163	152
hsa-mir-671-5p	387	446	987	365	398	491
hsa-mir-744-3p	43	41	71	48	56	45
hsa-mir-139-3p	1	0	2	2	0	2
hsa-mir-6862-5p	18	8	33	15	14	11
hsa-mir-424-5p	86	87	240	93	104	100
hsa-mir-33a-5p	161	117	214	140	130	140
hsa-mir-212-5p	37	70	151	59	69	33
hsa-mir-497-3p	1	0	2	0	1	0
hsa-mir-200a-3p	2053	2194	3969	2012	2345	2056
hsa-mir-6851-3p	0	0	0	0	0	2
hsa-mir-5088-5p	3	2	5	3	10	1
hsa-mir-3935	3	10	6	4	10	7
hsa-mir-181c-3p	404	417	656	393	447	464
hsa-mir-6852-3p	0	0	0	1	0	1
hsa-mir-26a-5p	33755	32922	60437	32178	39761	34367
hsa-mir-500b-3p	15	19	80	35	29	18
hsa-mir-4763-3p	14	8	13	8	16	18
hsa-mir-601	0	1	0	0	0	0
hsa-mir-5694	0	1	0	1	0	0
hsa-mir-187-5p	0	1	0	0	0	2
hsa-mir-8086	54	89	153	96	80	97
hsa-mir-4690-3p	0	2	6	2	0	4
hsa-mir-132-5p	29	22	48	31	28	34
hsa-mir-542-3p	135	165	204	220	216	191
hsa-mir-598-5p	0	0	5	2	2	0
hsa-mir-4516	6	20	5	17	18	10
hsa-mir-200c-5p	98	73	177	63	67	106
hsa-mir-1324	0	0	0	0	1	0
hsa-mir-106b-5p	1713	1464	2384	1389	1643	1512
hsa-mir-1290	0	0	0	0	2	2
hsa-mir-6871-5p	5	2	5	5	2	3
hsa-mir-6762-3p	0	1	0	1	0	1
hsa-mir-5697	0	0	1	0	1	0
hsa-mir-376a-2-5p	0	0	1	0	1	0
hsa-mir-4641	1	0	1	0	0	0
hsa-mir-675-3p	55	48	84	41	53	27
hsa-mir-450a-5p	119	193	336	184	264	137
hsa-mir-454-3p	1895	2180	3986	2247	2491	2439
hsa-mir-4750-5p	4	3	6	1	1	4
hsa-mir-6740-3p	2	0	0	1	0	0
hsa-mir-6831-5p	1	0	1	0	1	0
hsa-mir-1538	13	14	30	11	17	10
hsa-mir-8052	0	0	0	0	1	0
hsa-mir-4714-3p	6	13	8	15	12	12
hsa-mir-548aw	0	0	1	1	0	0
hsa-mir-3144-3p	1	0	0	1	1	1
hsa-mir-655-5p	1	7	3	6	4	4
hsa-mir-6834-3p	2	1	4	0	0	2
hsa-mir-6729-3p	0	1	0	0	0	3
hsa-mir-4655-5p	1	4	9	2	5	9
hsa-mir-186-3p	8	3	23	12	8	14
hsa-mir-663b	1	1	3	6	7	6
hsa-mir-30e-5p	9598	10676	16214	12052	13553	11212
hsa-mir-4721	1	0	1	0	1	0
hsa-mir-4441	0	0	1	0	0	0
hsa-mir-1237-3p	2	8	5	1	1	5
hsa-mir-1299	0	3	1	0	0	0
hsa-mir-3118	0	3	0	0	0	0
hsa-mir-6730-3p	1	2	0	1	0	0
hsa-mir-3620-3p	3	4	6	5	2	3
hsa-mir-4539	0	0	2	0	1	0
hsa-mir-3177-5p	19	12	20	8	24	24
hsa-mir-6832-3p	0	1	4	0	3	0
hsa-mir-339-5p	903	727	1056	735	881	819
hsa-mir-5589-5p	0	0	0	0	3	0
hsa-mir-6770-3p	7	9	15	6	11	4
hsa-mir-3122	1	0	0	0	1	0
hsa-mir-6864-5p	0	0	0	0	1	2
hsa-mir-3680-3p	0	0	1	0	0	0
hsa-mir-6723-5p	88	210	324	230	165	268
hsa-mir-4776-3p	0	0	0	1	0	0
hsa-mir-200c-3p	11194	11217	20850	10294	12196	12086
hsa-mir-365a-5p	64	110	153	113	142	156
hsa-mir-548bb-5p	0	0	2	0	1	1
hsa-mir-374a-3p	649	755	1271	822	1002	894
hsa-mir-5579-5p	1	2	0	0	2	0
hsa-mir-4498	4	2	0	0	2	1
hsa-mir-570-3p	0	1	3	1	4	1
hsa-mir-6088	1	0	0	0	0	0
hsa-mir-3687	26	34	40	71	58	34
hsa-mir-372-3p	1	0	0	0	1	0
hsa-mir-221-3p	808	659	1562	628	690	838
hsa-mir-573	45	38	110	42	47	83
hsa-mir-509-3-5p	0	0	0	0	0	1
hsa-mir-4761-3p	0	0	1	0	0	0
hsa-mir-4709-3p	1	0	0	0	0	0
hsa-mir-6829-5p	2	0	1	2	1	2
hsa-mir-7973	1	0	0	0	1	0
hsa-mir-944	48	67	65	30	53	45
hsa-mir-4284	39	328	121	522	176	144
hsa-mir-489-3p	104	91	176	70	98	99
hsa-mir-6736-5p	1	1	0	3	0	2
hsa-mir-6800-5p	4	5	8	2	2	10
hsa-mir-422a	1	5	4	2	9	5
hsa-mir-6804-3p	0	0	2	0	0	1
hsa-mir-6809-5p	0	0	2	0	0	0
hsa-let-7d-3p	1522	1259	2378	1383	1630	1426
hsa-mir-3614-3p	2	0	0	0	1	1
hsa-mir-28-3p	6740	6803	14155	6069	7357	8109
hsa-mir-671-3p	1610	1535	2246	1437	1915	1238
hsa-mir-330-5p	167	146	240	136	188	172
hsa-mir-8064	1	0	0	0	0	0
hsa-mir-3685	0	2	1	0	1	2
hsa-mir-4793-3p	2	4	8	2	1	4
hsa-mir-6807-3p	4	5	4	3	6	4
hsa-mir-5196-5p	0	0	3	4	5	1
hsa-mir-3914	0	1	1	0	0	0
hsa-mir-548j-3p	0	3	1	0	0	0
hsa-mir-3618	2	3	2	1	0	3
hsa-mir-4529-3p	0	0	0	0	1	0
hsa-mir-323b-3p	3	3	8	8	3	7
hsa-mir-3170	1	4	5	0	0	3
hsa-mir-7151-3p	0	0	1	0	1	0
hsa-mir-3150a-3p	3	0	7	0	3	7
hsa-mir-4714-5p	2	1	2	0	2	0
hsa-mir-20b-5p	6	1	11	6	8	4
hsa-mir-4771	2	1	9	3	3	6
hsa-mir-6883-5p	0	2	1	0	3	0
hsa-mir-6895-3p	0	1	1	3	2	2
hsa-mir-4301	0	1	0	0	0	0
hsa-mir-140-3p	3534	3514	5107	3236	4105	3672
hsa-mir-4429	0	0	0	0	0	1
hsa-mir-4306	0	0	1	0	0	0
hsa-mir-4428	2	0	0	2	0	0
hsa-mir-637	0	0	2	0	0	1
hsa-mir-4663	0	1	0	0	0	0
hsa-mir-6807-5p	3	3	6	7	4	1
hsa-mir-6878-5p	0	1	2	1	0	0
hsa-mir-4783-3p	10	9	12	8	14	7
hsa-mir-1910-3p	1	4	16	7	15	11
hsa-mir-1204	0	0	0	2	0	0
hsa-mir-3680-5p	0	0	0	2	1	0
hsa-mir-6817-3p	0	1	0	0	0	0
hsa-mir-7114-5p	0	1	3	0	0	0
hsa-mir-30b-5p	10913	9622	20152	9321	11471	10992
hsa-mir-369-3p	8	6	15	4	8	7
hsa-mir-548ay-3p	8	6	4	4	6	6
hsa-mir-4423-3p	0	0	0	0	1	0
hsa-mir-4711-5p	0	0	0	1	0	0
hsa-mir-6866-5p	2	4	11	7	8	8
hsa-mir-15b-5p	1272	1249	3130	1314	1534	1430
hsa-mir-6734-3p	0	0	2	0	0	0
hsa-mir-4726-3p	4	2	2	3	2	0
hsa-mir-3064-5p	6	3	12	9	3	6
hsa-mir-192-3p	1	7	6	2	3	4
hsa-mir-25-5p	472	520	1064	470	520	590
hsa-mir-29b-1-5p	14	31	66	10	23	18
hsa-mir-378e	20	15	27	28	31	27
hsa-mir-498	0	2	0	1	0	0
hsa-mir-4286	171	187	293	166	193	166
hsa-mir-218-5p	16	17	32	29	32	20
hsa-mir-376a-5p	11	5	10	2	3	2
hsa-mir-4268	0	0	0	0	1	0
hsa-mir-6820-3p	1	0	1	0	0	0
hsa-mir-1273a	259	452	977	432	403	650
hsa-mir-6747-3p	11	4	13	7	6	6
hsa-mir-4646-5p	1	0	0	0	2	0
hsa-mir-3154	1	0	0	0	0	1
hsa-mir-6511b-3p	59	58	150	73	84	110
hsa-mir-548ay-5p	54	91	129	75	74	83
hsa-mir-2110	201	197	311	222	241	234
hsa-mir-1288-3p	0	0	0	0	1	0
hsa-mir-566	100	292	600	278	251	463
hsa-mir-20a-3p	33	30	83	28	33	30
hsa-mir-3192-5p	3	0	1	2	3	0
hsa-mir-4799-5p	0	0	2	1	4	0
hsa-mir-574-3p	168	149	247	111	159	152
hsa-mir-7160-5p	0	0	0	0	2	0
hsa-mir-3619-5p	14	10	15	7	9	9
hsa-mir-154-3p	0	0	1	0	0	0
hsa-mir-27b-3p	170034	192491	375152	189487	235386	207402
hsa-mir-323a-5p	0	0	0	1	0	0
hsa-mir-6741-3p	3	0	2	6	2	1
hsa-mir-598-3p	90	98	129	85	94	79
hsa-mir-7851-3p	20	40	116	61	35	74
hsa-mir-1283	82	69	136	87	136	117
hsa-mir-6505-3p	2	0	0	0	0	0
hsa-mir-6854-5p	0	2	1	0	0	0
hsa-mir-3684	19	9	31	16	7	22
hsa-mir-33b-5p	742	650	1017	668	709	710
hsa-mir-769-5p	5969	5664	8747	5550	7015	6823
hsa-mir-4657	0	0	0	0	0	1
hsa-mir-193b-3p	3294	2951	5899	2682	3262	3228
hsa-mir-548az-5p	44	69	86	51	64	50
hsa-mir-659-3p	1	0	2	1	1	3
hsa-mir-548av-3p	1	1	1	0	0	1
hsa-mir-627-3p	5	5	7	3	0	6
hsa-mir-4684-5p	0	0	0	0	1	0
hsa-mir-3137	0	1	1	0	0	0
hsa-mir-6795-5p	3	0	0	0	0	2
hsa-mir-4532	384	295	93	626	679	59
hsa-mir-345-3p	5	4	12	8	8	13
hsa-mir-4765	1	3	0	1	0	0
hsa-mir-518a-3p	0	0	0	0	2	1
hsa-mir-6774-5p	0	0	1	0	0	0
hsa-mir-643	8	7	16	8	5	9
hsa-mir-1254	132	150	319	159	160	182
hsa-mir-3615	573	521	875	531	709	607
hsa-mir-296-5p	254	219	470	186	231	251
hsa-mir-3125	0	0	0	1	0	0
hsa-mir-6778-3p	0	0	0	0	0	2
hsa-mir-622	15	14	2	24	18	7
hsa-mir-1298-5p	0	0	0	0	1	0
hsa-mir-301b-3p	687	645	1541	634	812	764
hsa-mir-548ao-3p	0	1	3	0	0	0
hsa-mir-6792-3p	0	0	5	0	0	0
hsa-mir-590-3p	50	52	93	49	63	56
hsa-mir-378a-5p	84	80	95	48	69	70
hsa-mir-6798-3p	1	3	1	1	1	4
hsa-mir-6740-5p	0	0	1	0	0	1
hsa-mir-2115-3p	0	0	0	1	0	0
hsa-mir-3657	0	0	0	2	1	1
hsa-mir-647	0	3	1	4	0	1
hsa-mir-23b-5p	18	18	61	29	25	22
hsa-mir-6830-3p	0	0	0	0	0	1
hsa-mir-920	0	1	0	0	0	0
hsa-mir-762	3	4	3	2	1	2
hsa-mir-548ae-5p	6	12	15	16	15	16
hsa-mir-4741	2	2	4	3	2	6
hsa-mir-6795-3p	0	0	0	1	1	0
hsa-mir-4734	0	0	2	0	0	1
hsa-mir-1247-3p	237	256	434	205	270	245
hsa-mir-6773-3p	0	1	2	2	1	0
hsa-mir-523-3p	1	0	0	0	0	0
hsa-mir-4537	1	1	0	2	0	0
hsa-mir-548av-5p	0	0	3	2	0	0
hsa-mir-6865-5p	6	1	4	1	0	1
hsa-mir-8072	5	8	15	8	10	11
hsa-mir-532-5p	1398	1241	1924	1173	1451	1368
hsa-mir-323a-3p	18	12	28	6	18	13
hsa-mir-4325	0	0	0	0	1	0
hsa-mir-4662a-5p	0	0	0	0	2	0
hsa-mir-5585-3p	11	6	29	12	6	3
hsa-mir-4683	0	0	0	0	0	2
hsa-mir-1285-3p	948	850	1517	831	1164	1134
hsa-mir-770-5p	0	0	0	0	0	1
hsa-mir-5092	4	3	4	2	2	5
hsa-mir-135b-3p	16	14	26	19	15	17
hsa-mir-548ax	0	0	1	0	0	1
hsa-mir-4686	4	2	3	1	1	7
hsa-mir-6728-5p	1	1	0	1	3	0
hsa-mir-4440	2	2	0	0	1	0
hsa-mir-6813-5p	3	1	3	2	1	4
hsa-mir-512-5p	0	0	1	0	0	0
hsa-mir-5010-3p	8	1	3	5	3	6
hsa-mir-10b-5p	105	221	541	217	268	274
hsa-mir-1908-5p	137	144	215	96	138	166
hsa-mir-8058	0	0	1	0	0	0
hsa-mir-4648	3	4	3	1	9	4
hsa-mir-7108-5p	2	5	5	2	3	7
hsa-mir-219b-3p	10	21	17	11	11	12
hsa-mir-5003-3p	4	1	6	4	8	5
hsa-mir-548ar-3p	0	1	0	0	0	0
hsa-mir-4482-3p	4	1	1	2	3	0
hsa-mir-1321	1	0	0	0	0	0
hsa-mir-10b-3p	0	0	2	0	0	0
hsa-mir-1243	0	0	0	1	0	3
hsa-mir-1273c	102	83	113	94	99	68
hsa-mir-3195	220	296	21	665	574	17
hsa-mir-576-3p	48	57	90	54	57	63
hsa-mir-34c-5p	9	12	26	10	12	17
hsa-mir-548d-3p	10	3	5	7	2	8
hsa-mir-6764-3p	8	1	8	4	3	5
hsa-mir-6716-3p	17	16	42	34	33	19
hsa-mir-1343-3p	39	60	121	73	85	31
hsa-mir-877-3p	13	8	28	10	12	15
hsa-mir-6855-5p	0	0	0	1	0	2
hsa-mir-1225-3p	0	0	1	0	0	0
hsa-mir-4793-5p	0	0	0	1	0	0
hsa-mir-1251-3p	0	1	0	0	0	0
hsa-mir-6823-5p	2	0	1	0	0	0
hsa-mir-299-3p	5	2	4	7	8	7
hsa-mir-192-5p	17460	18312	24628	16588	21499	18925
hsa-mir-7155-3p	1	0	1	0	1	0
hsa-mir-3163	0	3	2	2	2	1
hsa-mir-6780b-5p	0	1	1	0	0	0
hsa-mir-4700-3p	0	0	0	0	1	1
hsa-mir-20b-3p	0	0	1	0	0	1
hsa-mir-4666a-5p	1	0	6	5	0	0
hsa-mir-5703	0	0	0	0	1	1
hsa-mir-6808-3p	0	0	2	0	0	0
hsa-mir-4295	0	0	0	0	0	1
hsa-mir-3929	76	172	222	161	134	157
hsa-mir-4477b	8	6	9	6	12	7
hsa-mir-4519	2	1	2	6	4	2
hsa-mir-4769-3p	0	0	2	0	3	5
hsa-mir-431-5p	0	3	1	0	0	3
hsa-mir-125a-3p	294	263	508	240	293	266
hsa-mir-429	1240	1315	2170	1337	1523	1336
hsa-mir-664b-5p	5	1	3	7	1	3
hsa-mir-6769a-3p	1	0	0	0	0	0
hsa-mir-519d-3p	0	2	0	0	0	0
hsa-mir-219a-1-3p	44	43	71	33	57	42
hsa-mir-6125	7	2	10	7	6	7
hsa-mir-3976	0	0	0	0	3	0
hsa-mir-6861-5p	0	0	1	0	0	0
hsa-mir-887-3p	19	8	13	6	9	10
hsa-mir-16-2-3p	213	245	437	221	294	239
hsa-mir-548v	2	2	3	1	5	5
hsa-mir-4650-5p	0	0	0	1	0	0
hsa-mir-3146	2	0	4	1	1	2
hsa-mir-210-5p	114	99	87	80	106	46
hsa-mir-521	2	2	3	5	0	0
hsa-mir-30a-3p	58	66	102	63	99	91
hsa-mir-4730	0	0	0	0	0	1
hsa-mir-676-5p	1	0	5	1	1	0
hsa-mir-6765-3p	0	1	1	0	0	1
hsa-mir-6779-5p	1	0	0	1	1	0
hsa-mir-6763-5p	2	4	4	1	1	1
hsa-mir-10a-3p	3	2	3	3	0	1
hsa-mir-548t-5p	0	0	1	0	1	0
hsa-mir-6895-5p	0	3	1	2	1	0
hsa-mir-3944-3p	24	30	47	37	32	45
hsa-mir-6783-5p	0	0	6	2	1	3
hsa-mir-4536-3p	0	0	1	0	0	0
hsa-mir-495-3p	1	3	3	0	1	0
hsa-mir-548n	9	8	16	9	23	10
hsa-mir-4263	0	0	1	0	0	0
hsa-mir-1275	384	399	487	401	412	425
hsa-mir-199a-5p	1	1	8	4	3	4
hsa-mir-193a-3p	3362	2384	7431	2379	2876	3621
hsa-mir-4655-3p	0	0	0	0	0	1
hsa-mir-548aa	1	1	2	1	2	1
hsa-mir-1285-5p	83	106	175	132	116	110
hsa-mir-5705	0	0	1	0	0	0
hsa-mir-3176	284	303	574	323	370	369
hsa-mir-1286	107	117	180	99	159	145
hsa-mir-564	0	1	0	0	0	0
hsa-mir-4474-3p	3	0	3	0	1	0
hsa-mir-6886-3p	3	2	15	2	4	2
hsa-mir-18a-3p	161	155	384	135	167	176
hsa-mir-34c-3p	0	1	0	0	0	0
hsa-mir-1185-1-3p	2	0	3	4	2	1
hsa-mir-518f-3p	0	0	1	0	0	0
hsa-mir-4419a	62	187	237	142	117	169
hsa-mir-519e-5p	2	0	0	0	2	0
hsa-mir-6819-3p	0	0	0	0	1	0
hsa-mir-5583-5p	0	0	2	0	0	0
hsa-mir-17-3p	247	235	461	228	226	305
hsa-mir-299-5p	0	0	1	1	1	0
hsa-mir-3130-3p	1	1	2	2	0	1
hsa-mir-4258	0	1	0	0	0	1
hsa-mir-30d-3p	761	789	1138	764	868	719
hsa-mir-493-5p	0	0	1	1	1	1
hsa-mir-597-5p	0	0	1	0	1	3
hsa-mir-191-5p	88742	108960	188908	96990	126909	119133
hsa-mir-572	2	0	0	2	1	5
hsa-mir-4722-3p	0	0	0	1	0	0
hsa-mir-27a-5p	681	503	920	478	577	543
hsa-mir-6762-5p	0	0	1	1	0	0
hsa-mir-4661-3p	0	1	3	1	2	1
hsa-mir-548a-5p	2	1	2	0	2	5
hsa-mir-6751-3p	0	0	0	0	0	3
hsa-mir-1469	0	0	1	1	2	0
hsa-mir-18b-5p	0	1	0	3	1	0
hsa-mir-6717-5p	1	0	0	0	0	0
hsa-mir-106a-3p	0	0	0	1	0	0
hsa-mir-1250-5p	2	3	1	3	4	3
hsa-mir-6890-5p	0	0	2	2	1	0
hsa-mir-7-1-3p	20	30	36	19	34	31
hsa-mir-3180-5p	15	18	27	23	20	21
hsa-mir-522-5p	0	0	0	3	0	0
hsa-mir-4800-5p	1	4	4	2	2	3
hsa-mir-582-3p	168	128	245	130	170	185
hsa-let-7e-3p	158	153	252	140	138	163
hsa-mir-6076	0	0	1	1	0	0
hsa-mir-218-2-3p	0	0	1	0	0	0
hsa-mir-4426	0	0	0	1	0	0
hsa-mir-2116-5p	0	1	1	1	1	0
hsa-mir-203a-3p	10214	9555	15859	9998	11853	10335
hsa-mir-5193	0	4	6	3	4	1
hsa-mir-3609	4	8	15	3	7	7
hsa-mir-6787-3p	0	0	0	0	2	2
hsa-mir-4783-5p	0	1	0	0	0	0
hsa-mir-331-3p	1349	1237	2961	1196	1466	1542
hsa-mir-6872-3p	3	0	0	0	0	0
hsa-mir-2682-3p	0	0	1	0	1	0
hsa-mir-6873-3p	11	5	17	10	5	2
hsa-mir-7112-3p	0	0	5	3	1	4
hsa-mir-3691-3p	0	3	2	0	2	1
hsa-mir-574-5p	884	872	1964	775	951	977
hsa-mir-6165	0	0	1	0	1	3
hsa-mir-1303	1102	3278	9193	3150	2909	3770
hsa-mir-620	3	2	0	4	3	1
hsa-mir-6840-5p	3	34	51	24	22	18
hsa-mir-197-5p	23	9	12	12	12	8
hsa-mir-15a-3p	6	6	14	10	7	18
hsa-mir-103a-3p	28299	24857	42273	24089	30449	28926
hsa-mir-3155a	11	6	8	6	16	4
hsa-mir-8076	0	0	0	1	0	0
hsa-mir-518e-3p	0	1	0	1	0	0
hsa-mir-4769-5p	0	0	1	0	0	0
hsa-mir-1912	0	0	0	1	0	0
hsa-mir-1293	120	129	201	108	104	109
hsa-mir-1306-5p	19	32	33	22	23	42
hsa-mir-324-5p	156	166	315	152	189	231
hsa-mir-6834-5p	0	1	1	0	0	3
hsa-mir-23c	1	0	0	0	0	1
hsa-mir-628-3p	101	103	267	112	163	127
hsa-mir-527	4	1	3	0	1	0
hsa-mir-6773-5p	19	30	76	32	47	19
hsa-mir-5698	0	0	3	0	0	1
hsa-mir-6859-5p	9	10	11	7	6	10
hsa-mir-6757-5p	0	1	1	0	0	1
hsa-mir-548as-5p	1	3	4	0	3	0
hsa-mir-298	0	0	1	1	1	0
hsa-mir-5587-5p	6	1	15	9	4	8
hsa-mir-1281	0	0	0	1	0	0
hsa-mir-6848-5p	0	0	0	1	0	1
hsa-mir-1225-5p	1	3	1	1	0	5
hsa-mir-29b-2-5p	24	34	48	17	18	22
hsa-mir-3180-3p	2	2	2	1	4	0
hsa-mir-374c-5p	0	0	1	1	1	0
hsa-mir-6867-3p	0	2	0	0	0	0
hsa-mir-6855-3p	2	0	0	0	0	0
hsa-mir-8060	0	0	0	1	0	1
hsa-mir-6769b-5p	0	0	1	2	0	2
hsa-mir-6743-5p	0	0	0	0	1	0
hsa-mir-517c-3p	0	0	0	1	1	0
hsa-mir-548s	1	1	12	3	1	2
hsa-mir-4784	1	0	0	2	0	0
hsa-mir-645	0	0	1	0	0	0
hsa-mir-1229-5p	0	2	3	0	0	0
hsa-mir-4739	0	0	2	1	0	1
hsa-mir-562	0	1	0	0	1	0
hsa-mir-148b-3p	5462	6668	10382	5735	7024	5570
hsa-mir-5008-3p	1	3	9	1	3	9
hsa-mir-548ah-3p	1	2	2	1	4	2
hsa-mir-548b-3p	1	3	0	0	3	2
hsa-mir-203a-5p	42	65	114	64	70	67
hsa-mir-1587	1	0	0	0	0	1
hsa-mir-3164	3	3	3	0	0	1
hsa-mir-6743-3p	3	1	3	1	1	3
hsa-mir-181d-3p	1	2	3	0	0	5
hsa-mir-3922-5p	0	0	0	0	0	2
hsa-mir-4496	0	0	0	0	0	1
hsa-mir-4747-5p	0	2	0	1	0	0
hsa-mir-378a-3p	22490	22196	37871	18575	23915	24652
hsa-mir-519e-3p	0	0	1	0	0	0
hsa-mir-3679-5p	23	18	36	16	21	28
hsa-mir-466	1	1	6	2	2	1
hsa-mir-301b-5p	11	4	21	7	4	12
hsa-mir-3135b	19	26	40	34	28	15
hsa-mir-33b-3p	150	136	258	122	164	134
hsa-mir-31-5p	13	16	10	7	8	9
hsa-mir-107	7078	6070	9541	5676	7132	7015
hsa-mir-1268a	16	92	136	90	54	136
hsa-mir-664a-5p	3	6	9	6	5	5
hsa-mir-6726-3p	0	0	1	1	1	1
hsa-mir-561-3p	5	1	3	1	1	1
hsa-mir-1269b	1	0	0	0	0	0
hsa-mir-4458	12	15	10	11	13	8
hsa-mir-338-3p	21	12	26	18	19	18
hsa-mir-551a	23	20	35	8	27	19
hsa-mir-548ak	0	1	0	0	4	4
hsa-mir-4662a-3p	0	2	0	1	2	0
hsa-mir-7976	25	32	54	28	37	15
hsa-mir-548l	7	7	12	2	6	9
hsa-mir-4660	0	2	3	0	1	0
hsa-mir-548am-3p	1	2	1	0	2	2
hsa-mir-544b	150	152	321	111	168	151
hsa-mir-4267	1	0	3	0	0	0
hsa-mir-4452	0	0	5	3	3	1
hsa-mir-504-5p	5	9	14	6	6	4
hsa-mir-4520-2-3p	2	0	0	0	0	0
hsa-mir-625-3p	123	116	139	127	105	84
hsa-mir-4745-5p	117	113	150	156	138	115
hsa-mir-4794	0	0	2	1	0	0
hsa-mir-543	4	5	8	2	2	6
hsa-mir-873-5p	2	0	0	0	1	0
hsa-mir-34b-3p	0	0	0	2	0	0
hsa-mir-4757-5p	2	0	3	0	1	0
hsa-mir-3909	38	49	87	53	46	48
hsa-mir-4433a-3p	1	0	0	0	0	1
hsa-mir-6818-5p	2	5	13	1	3	4
hsa-mir-186-5p	4738	7304	15653	7161	8256	8134
hsa-mir-8057	0	1	0	0	0	0
hsa-mir-6891-5p	1	2	0	1	0	0
hsa-mir-4638-3p	34	29	76	27	27	25
hsa-mir-6759-5p	1	3	0	1	0	2
hsa-mir-196a-3p	127	92	159	92	132	126
hsa-mir-6858-3p	3	0	3	2	4	4
hsa-mir-3620-5p	24	22	39	20	11	40
hsa-mir-5699-5p	24	34	54	29	19	29
hsa-mir-6758-5p	1	1	4	2	0	2
hsa-mir-6860	4	7	8	8	9	8
hsa-mir-6784-3p	0	2	2	2	0	2
hsa-mir-1256	4	2	3	4	2	0
hsa-mir-3617-5p	0	1	0	0	0	0
hsa-mir-5692a	0	1	0	1	0	0
hsa-mir-4797-5p	0	0	1	0	0	0
hsa-mir-4462	0	2	0	0	0	0
hsa-mir-942-5p	85	66	143	85	70	71
hsa-mir-6511a-5p	32	69	106	55	63	82
hsa-mir-4512	7	19	23	18	18	23
hsa-mir-579-5p	2	0	3	2	3	2
hsa-mir-1304-3p	325	349	473	293	419	363
hsa-mir-181c-5p	1254	1130	1869	1124	1329	1193
hsa-mir-4742-5p	0	0	2	2	1	1
hsa-mir-632	0	3	0	1	1	0
hsa-mir-6514-5p	11	16	10	1	9	10
hsa-mir-4261	0	1	0	0	1	0
hsa-mir-4677-3p	127	121	230	129	144	182
hsa-mir-6871-3p	3	3	0	3	0	1
hsa-mir-200a-5p	3478	3260	4848	2603	3796	3864
hsa-mir-5683	1	2	2	1	4	7
hsa-mir-582-5p	5	8	10	11	9	20
hsa-mir-4469	1	0	0	0	1	1
hsa-mir-3943	1	0	0	0	1	0
hsa-mir-4804-5p	6	1	5	0	2	2
hsa-mir-375	44909	39815	52547	46151	57685	36242
hsa-mir-24-3p	1398	1183	2553	1342	1553	1407
hsa-mir-1199-5p	0	0	0	0	2	3
hsa-mir-1199-3p	0	0	0	0	2	0
hsa-mir-4687-5p	1	0	3	1	3	0
hsa-mir-100-5p	6	8	28	3	5	6
hsa-mir-18a-5p	277	216	468	229	216	238
hsa-mir-193a-5p	1039	1131	1728	808	1162	1288
hsa-mir-7107-3p	4	8	34	8	14	15
hsa-mir-6737-5p	3	1	2	1	0	1
hsa-mir-199b-3p	20	20	47	28	21	17
hsa-mir-1273e	201	414	954	452	368	600
hsa-mir-494-3p	5	6	19	2	14	6
hsa-mir-7704	112	130	46	237	205	45
hsa-mir-889-5p	0	0	0	0	1	0
hsa-mir-7158-5p	0	0	0	1	0	0
hsa-mir-128-3p	1822	1638	2660	1700	1928	1575
hsa-mir-2277-5p	40	51	63	37	36	52
hsa-mir-4802-5p	0	0	4	2	0	1
hsa-mir-1231	0	0	1	0	0	0
hsa-mir-6758-3p	1	1	2	0	0	0
hsa-mir-3145-3p	3	6	16	2	13	4
hsa-mir-1181	2	2	7	2	2	1
hsa-mir-23a-5p	330	337	639	325	385	366
hsa-mir-182-3p	58	54	122	44	66	56
hsa-mir-652-3p	273	253	526	263	308	304
hsa-mir-4473	5	3	10	12	4	8
hsa-mir-654-5p	0	0	1	2	0	0
hsa-mir-3150a-5p	5	11	15	9	14	6
hsa-mir-382-3p	2	1	0	0	0	0
hsa-mir-767-3p	0	1	3	0	0	1
hsa-mir-3655	0	0	0	0	2	0
hsa-mir-4475	1	2	0	1	1	3
hsa-mir-6782-3p	0	0	0	0	0	1
hsa-mir-6721-5p	0	0	1	0	1	2
hsa-mir-4305	0	0	3	2	0	1
hsa-mir-6872-5p	4	1	0	1	0	0
hsa-mir-223-5p	0	2	0	0	0	0
hsa-mir-148b-5p	491	533	869	462	549	648
hsa-mir-6130	1	0	0	0	0	1
hsa-mir-10a-5p	1510	2712	3790	1945	2243	1666
hsa-mir-484	1818	1545	3723	1459	1623	1844
hsa-mir-483-5p	7	9	13	7	17	3
hsa-mir-99a-5p	463	879	1639	809	1053	635
hsa-mir-6801-3p	7	6	7	6	4	6
hsa-mir-555	0	1	1	1	1	0
hsa-mir-211-5p	1	0	1	0	0	0
hsa-mir-6850-5p	41	40	92	54	63	57
hsa-mir-6078	0	0	0	0	1	0
hsa-mir-4507	0	0	3	1	3	0
hsa-mir-6090	0	1	0	0	0	0
hsa-mir-6803-5p	1	2	4	2	1	2
hsa-mir-199b-5p	34	56	106	59	94	30
hsa-mir-1249-5p	4	7	12	8	13	7
hsa-mir-93-5p	23307	21474	40345	19536	24172	24793
hsa-mir-6814-5p	0	0	3	0	0	0
hsa-mir-3138	0	1	1	3	1	2
hsa-mir-4433b-5p	0	0	1	0	0	0
hsa-mir-4672	2	0	2	4	4	3
hsa-mir-616-3p	0	0	0	2	1	0
hsa-mir-4786-3p	0	1	0	2	0	0
hsa-mir-195-3p	70	74	94	71	90	62
hsa-mir-185-5p	124	114	258	107	170	167
hsa-mir-5691	3	6	1	0	0	0
hsa-mir-1301-5p	3	2	6	0	2	6
hsa-mir-320e	5	3	13	12	16	6
hsa-mir-3922-3p	2	4	4	2	7	6
hsa-mir-92a-1-5p	172	219	494	152	223	231
hsa-mir-371a-5p	0	0	0	0	2	0
hsa-mir-542-5p	10	11	28	17	16	17
hsa-mir-8485	31	25	63	27	40	46
hsa-mir-2114-3p	0	2	4	1	2	2
hsa-mir-183-5p	25518	34906	64658	27747	41427	29820
hsa-mir-1233-3p	2	5	12	5	4	9
hsa-mir-4644	0	0	0	0	1	0
hsa-mir-4318	0	0	0	1	1	0
hsa-mir-577	161	178	397	196	249	230
hsa-mir-370-3p	0	0	1	1	0	1
hsa-mir-4311	1	0	1	0	0	0
hsa-mir-1245b-5p	0	0	0	0	1	1
hsa-mir-5100	65	99	84	91	67	51
hsa-mir-4736	1	0	0	0	0	2
hsa-mir-3174	52	59	80	55	56	75
hsa-mir-1468-5p	46	59	139	57	85	63
hsa-mir-4668-5p	2	2	1	1	5	0
hsa-mir-4768-5p	3	4	5	6	5	5
hsa-mir-6501-5p	0	0	1	2	0	2
hsa-mir-1185-5p	0	0	0	0	0	1
hsa-mir-6732-5p	1	1	1	0	0	0
hsa-mir-6888-3p	0	0	2	0	0	0
hsa-mir-3187-5p	0	4	6	4	2	8
hsa-mir-22-3p	59355	52474	120907	49415	56207	64064
hsa-mir-6089	1	1	5	4	0	2
hsa-mir-4638-5p	0	0	1	1	1	2
hsa-mir-3690	0	4	0	0	0	0
hsa-mir-376b-3p	0	1	1	0	0	0
hsa-mir-4646-3p	0	0	0	0	1	0
hsa-mir-520h	0	1	0	0	0	0
hsa-mir-3159	85	227	239	156	114	173
hsa-mir-6862-3p	9	11	16	8	7	19
hsa-mir-337-3p	0	2	0	0	0	0
hsa-mir-6778-5p	0	1	0	1	1	1
hsa-mir-4494	0	0	1	0	0	0
hsa-mir-17-5p	2430	2305	4137	2025	2404	2313
hsa-mir-1301-3p	810	1554	3126	1486	1648	1133
hsa-mir-6867-5p	0	1	0	0	1	0
hsa-mir-5572	0	0	0	2	0	1
hsa-mir-581	1	1	1	2	2	0
hsa-mir-219b-5p	9	7	14	7	5	6
hsa-mir-4999-5p	0	0	2	1	5	1
hsa-mir-6748-3p	0	0	2	0	0	0
hsa-mir-8077	0	1	1	0	0	1
hsa-mir-6500-5p	0	0	1	0	0	0
hsa-mir-329-3p	0	0	5	0	1	0
hsa-mir-6733-5p	0	1	7	2	4	0
hsa-mir-1185-2-3p	0	0	1	0	1	1
hsa-mir-1291	27	34	53	31	34	23
hsa-mir-130a-3p	1	1	0	1	1	2
hsa-mir-3913-5p	20	20	23	11	19	19
hsa-mir-3654	1	0	0	0	3	0
hsa-mir-33a-3p	93	71	121	61	80	93
hsa-mir-6793-3p	0	0	0	3	0	0
hsa-mir-26b-5p	14865	13563	24423	14527	16326	14938
hsa-mir-6879-5p	0	0	0	0	0	1
hsa-mir-152-5p	92	133	226	104	129	141
hsa-mir-3660	1	3	3	0	4	3
hsa-mir-8085	0	0	1	0	0	0
hsa-mir-4459	55	95	209	113	110	157
hsa-mir-142-3p	1	0	5	1	0	4
hsa-mir-373-3p	1	0	0	0	1	0
hsa-mir-935	16	14	36	20	13	24
hsa-mir-3677-5p	9	1	6	3	1	1
hsa-mir-6833-5p	0	2	0	0	2	0
hsa-mir-6877-5p	9	6	9	6	5	11
hsa-mir-4749-5p	0	4	1	0	3	2
hsa-mir-6754-5p	0	0	0	0	0	1
hsa-mir-146a-5p	0	1	0	1	0	0
hsa-mir-4472	90	96	106	96	121	96
hsa-mir-519a-5p	18	16	31	16	27	31
hsa-mir-6722-3p	0	0	0	1	0	0
hsa-mir-32-3p	136	107	251	152	147	140
hsa-mir-146b-5p	566	674	844	814	923	642
hsa-mir-6892-5p	4	14	23	8	6	12
hsa-mir-6887-3p	0	1	2	2	0	0
hsa-mir-4675	0	1	1	0	2	0
hsa-mir-144-3p	0	0	0	2	2	0
hsa-mir-103a-2-5p	7	9	17	8	6	9
hsa-mir-3651	23	14	50	25	22	25
hsa-mir-487a-3p	2	0	2	0	1	0
hsa-mir-593-5p	0	1	0	0	0	0
hsa-mir-4454	725	738	759	648	748	682
hsa-mir-365a-3p	0	0	5	3	4	3
hsa-mir-4731-3p	0	0	2	4	0	0
hsa-mir-3120-3p	0	2	0	1	0	0
hsa-mir-7159-3p	0	0	0	2	0	0
hsa-mir-6806-5p	0	0	1	0	0	0
hsa-mir-4279	0	1	0	0	1	0
hsa-mir-5696	6	5	18	8	8	13
hsa-mir-6750-5p	1	1	3	1	1	0
hsa-mir-4758-3p	13	6	21	14	21	20
hsa-mir-4685-3p	11	1	7	2	4	2
hsa-mir-520d-5p	0	0	0	0	4	0
hsa-mir-518b	0	1	0	0	0	3
hsa-mir-941	8260	8809	15336	11370	12234	6282
hsa-mir-149-5p	3269	3823	6712	3570	4588	2961
hsa-mir-584-5p	144	174	290	190	211	199
hsa-mir-3194-3p	4	4	7	2	6	7
hsa-mir-3156-5p	0	0	0	4	0	0
hsa-mir-6882-5p	2	2	8	3	3	4
hsa-mir-6868-3p	16	11	14	11	6	11
hsa-mir-6756-5p	0	2	2	2	3	1
hsa-mir-26b-3p	915	832	2020	844	964	1226
hsa-mir-6800-3p	4	5	11	3	2	2
hsa-mir-504-3p	0	0	1	0	1	0
hsa-mir-7109-3p	0	0	1	0	2	2
hsa-mir-2278	15	6	14	10	15	16
hsa-mir-548q	1	5	8	9	2	3
hsa-mir-1260a	15	12	22	10	15	16
hsa-mir-638	2	1	10	1	0	0
hsa-mir-6777-5p	9	7	9	9	6	14
hsa-mir-6794-5p	2	0	1	1	5	3
hsa-mir-3692-5p	0	1	0	0	0	0
hsa-mir-4505	2	3	2	3	1	1
hsa-mir-181b-5p	57861	56998	102588	57058	72636	80464
hsa-mir-550a-3p	3	3	9	2	7	2
hsa-mir-576-5p	38	35	69	44	43	59
hsa-mir-2277-3p	17	12	35	14	14	14
hsa-mir-6861-3p	0	0	0	1	0	1
hsa-mir-449a	0	0	0	2	0	5
hsa-mir-1914-3p	0	5	4	3	3	2
hsa-mir-1273h-5p	10	15	38	18	12	20
hsa-mir-1203	0	0	0	1	0	0
hsa-mir-6744-3p	0	2	3	0	2	0
hsa-mir-4777-5p	0	1	0	0	0	0
hsa-mir-1271-5p	3	8	19	7	6	6
hsa-let-7a-2-3p	0	0	0	1	0	0
hsa-mir-2116-3p	11	14	10	9	11	7
hsa-mir-1972	5	7	13	14	9	6
hsa-mir-4533	0	0	0	1	0	0
hsa-mir-3692-3p	0	1	0	0	0	0
hsa-mir-4635	1	2	1	2	0	0
hsa-mir-1264	0	0	1	1	0	0
hsa-mir-6753-3p	14	7	9	3	4	16
hsa-mir-3619-3p	0	0	2	2	0	1
hsa-mir-4515	3	0	0	0	1	0
hsa-mir-519c-3p	1	0	4	0	2	1
hsa-mir-4673	4	2	13	3	3	4
hsa-mir-4708-3p	0	0	1	1	0	0
hsa-mir-5096	259	387	970	528	431	702
hsa-mir-4698	0	0	2	0	0	1
hsa-mir-7974	2136	2334	5848	2620	3013	4182
hsa-mir-3190-3p	3	0	2	2	2	9
hsa-mir-340-3p	115	154	278	163	174	129
hsa-mir-4293	0	2	0	0	0	0
hsa-mir-503-5p	83	98	211	124	133	122
hsa-mir-3168	1584	29	123	639	181	759
hsa-mir-3677-3p	289	308	471	250	293	371
hsa-mir-548h-5p	8	4	7	6	7	11
hsa-mir-7706	650	648	979	702	904	695
hsa-mir-187-3p	3	6	8	2	4	7
hsa-mir-3145-5p	1	1	0	0	0	0
hsa-mir-7845-5p	0	4	5	2	2	4
hsa-mir-191-3p	401	339	746	361	407	499
hsa-mir-5585-5p	2	4	3	1	2	0
hsa-mir-3171	2	2	0	0	0	0
hsa-mir-29b-3p	112	109	210	86	110	118
hsa-mir-6127	3	2	9	2	5	2
hsa-mir-190a-5p	86	128	245	112	114	108
hsa-mir-200b-3p	17581	26397	49400	22544	29076	14569
hsa-mir-1266-3p	1	4	5	0	5	7
hsa-mir-4310	0	0	1	0	0	0
hsa-mir-4716-3p	0	2	0	0	1	0
hsa-mir-1307-3p	4856	4203	6493	3960	4915	4782
hsa-mir-4423-5p	0	0	0	1	1	1
hsa-mir-4435	34	28	61	30	30	43
hsa-mir-452-5p	3	0	0	2	0	0
hsa-mir-6852-5p	1	0	6	5	7	8
hsa-mir-328-5p	0	0	3	1	1	0
hsa-mir-939-3p	9	6	10	3	6	4
hsa-mir-3606-3p	0	0	1	0	0	0
hsa-mir-6724-5p	111	120	312	120	156	204
hsa-mir-664a-3p	21	17	47	22	26	34
hsa-mir-8068	0	0	0	0	0	1
hsa-mir-589-5p	766	944	1204	939	1094	892
hsa-mir-25-3p	33180	27741	44604	28544	34720	29662
hsa-mir-4485-5p	8	14	33	9	10	22
hsa-mir-3116	5	5	9	4	15	3
hsa-mir-4540	0	0	0	0	0	1
hsa-mir-3151-3p	0	0	1	0	1	2
hsa-mir-744-5p	3130	2569	5632	2832	3023	3528
hsa-mir-4666a-3p	0	0	0	0	0	2
hsa-mir-335-5p	345	544	1602	554	574	578
hsa-mir-616-5p	12	11	13	7	4	9
hsa-mir-670-5p	0	0	1	0	0	4
hsa-mir-6839-5p	1	0	0	0	2	0
hsa-mir-4654	8	6	5	4	9	1
hsa-mir-9-3p	26	19	31	19	19	21
hsa-mir-6843-3p	0	1	0	1	0	0
hsa-mir-3074-5p	35	39	68	44	51	18
hsa-mir-887-5p	0	0	5	1	0	0
hsa-mir-6845-3p	0	1	0	0	0	1
hsa-mir-6505-5p	0	2	0	0	0	2
hsa-mir-4652-5p	4	6	5	10	8	2
hsa-mir-3197	4	1	4	2	2	2
hsa-mir-660-3p	5	0	1	1	2	1
hsa-mir-297	1	0	0	0	0	3
hsa-mir-6878-3p	0	0	0	2	0	0
hsa-mir-522-3p	16	13	28	13	5	16
hsa-mir-451a	1	1	7	0	2	3
hsa-mir-425-5p	2445	2079	3957	2195	2836	2359
hsa-mir-6737-3p	7	5	12	6	1	7
hsa-mir-4444	4	2	3	1	0	0
hsa-mir-22-5p	62	54	113	54	48	55
hsa-mir-3613-3p	116	140	201	189	180	148
hsa-mir-1252-3p	0	0	0	0	0	1
hsa-mir-8065	0	6	7	0	2	7
hsa-mir-1245b-3p	0	0	0	0	0	1
hsa-mir-3124-3p	0	0	1	0	0	0
hsa-mir-4281	0	1	0	1	1	1
hsa-mir-320d	30	46	84	41	39	46
hsa-mir-6748-5p	0	0	0	0	2	0
hsa-mir-513c-5p	1	0	0	0	0	0
hsa-mir-525-3p	0	0	0	0	1	0
hsa-mir-6070	2	0	0	0	0	0
hsa-mir-7854-3p	28	21	59	22	31	21
hsa-mir-423-5p	2830	2993	7747	3809	3658	3412
hsa-mir-125b-5p	249	510	1016	471	632	287
hsa-mir-3610	0	1	1	2	0	1
hsa-mir-3177-3p	42	57	107	78	83	43
hsa-mir-1276	171	168	465	191	233	230
hsa-mir-654-3p	28	26	47	22	18	26
hsa-mir-362-3p	2	1	1	1	1	3
hsa-mir-377-3p	0	1	4	1	0	0
hsa-let-7f-2-3p	71	70	110	72	74	79
hsa-mir-184	15	15	19	22	18	5
hsa-mir-5190	1	1	1	1	0	0
hsa-mir-4701-5p	1	0	1	0	0	1
hsa-mir-3131	3	2	4	4	1	7
hsa-mir-4727-3p	0	0	0	0	1	0
hsa-mir-588	1	0	1	0	0	1
hsa-mir-1909-5p	4	3	8	2	1	0
hsa-mir-548j-5p	4	5	16	6	11	7
hsa-mir-378g	74	73	94	82	89	86
hsa-mir-549a	20	25	65	19	28	29
hsa-mir-105-3p	1	4	5	5	1	1
hsa-mir-7111-3p	7	4	17	10	11	8
hsa-mir-515-3p	0	0	0	0	0	1
hsa-mir-1915-3p	17	23	45	21	28	30
hsa-mir-3121-3p	3	4	2	0	3	0
hsa-mir-3912-3p	36	24	33	28	23	35
hsa-mir-181a-2-3p	32	41	77	41	49	42
hsa-mir-6827-5p	0	1	1	0	0	0
hsa-mir-5192	0	2	0	0	1	0
hsa-mir-1226-3p	11	22	77	28	24	27
hsa-mir-134-3p	0	0	0	0	0	3
hsa-mir-548ad-5p	0	0	2	0	0	2
hsa-mir-3938	2	0	0	0	1	5
hsa-mir-874-3p	3	0	2	1	2	2
hsa-mir-3065-5p	56	84	150	118	130	168
hsa-mir-1296-5p	174	161	283	134	170	176
hsa-mir-7107-5p	0	0	3	1	4	1
hsa-let-7e-5p	22991	25212	47166	18509	25778	28930
hsa-mir-4697-3p	3	0	4	5	5	3
hsa-mir-548z	4	3	2	6	5	1
hsa-mir-675-5p	235	332	496	234	254	292
hsa-mir-6769a-5p	1	1	1	5	0	5
hsa-mir-6821-5p	1	0	7	1	0	4
hsa-mir-629-5p	131	158	214	153	164	183
hsa-mir-584-3p	2	0	0	2	1	0
hsa-let-7f-1-3p	228	231	405	218	328	239
hsa-mir-4722-5p	4	2	6	2	5	2
hsa-mir-7106-3p	0	0	4	1	0	0
hsa-let-7c-3p	14	20	30	15	24	20
hsa-mir-580-3p	7	7	11	11	14	5
hsa-mir-3192-3p	3	0	0	1	0	0
hsa-mir-6732-3p	2	2	10	7	5	6
hsa-mir-6826-5p	7	4	1	0	2	0
hsa-mir-891b	0	0	0	0	1	0
hsa-mir-6734-5p	0	0	2	5	1	1
hsa-mir-4321	0	1	0	0	0	0
hsa-mir-4446-3p	232	207	394	270	306	280
hsa-mir-3181	4	0	0	0	2	0
hsa-mir-5188	0	1	0	0	0	0
hsa-mir-889-3p	15	17	26	18	14	20
hsa-mir-769-3p	142	80	194	111	116	151
hsa-mir-516b-5p	6	5	11	4	5	3
hsa-mir-6893-3p	0	0	0	3	0	0
hsa-mir-188-5p	296	253	622	241	334	362
hsa-mir-3646	0	0	1	0	0	0
hsa-mir-216a-5p	1	0	1	0	0	0
hsa-mir-4754	3	2	3	0	3	1
hsa-mir-4254	1	0	1	0	0	1
hsa-mir-4763-5p	3	1	12	7	4	5
hsa-mir-425-3p	168	194	365	193	214	221
hsa-mir-151a-3p	32015	26329	53026	30291	33325	28004
hsa-mir-29c-5p	63	95	228	72	105	96
hsa-mir-4470	0	1	0	1	0	0
hsa-mir-3123	0	3	2	2	0	0
hsa-mir-4757-3p	2	1	1	2	0	0
hsa-mir-4517	2	4	8	7	5	13
hsa-mir-3130-5p	3	2	10	3	2	3
hsa-mir-6775-5p	2	2	2	0	3	0
hsa-mir-151a-5p	26647	34365	67432	29298	38119	26831
hsa-mir-6884-5p	1	1	3	1	2	0
hsa-mir-16-5p	18260	16529	38190	16900	20150	19740
hsa-mir-6516-3p	2	1	5	4	0	5
hsa-mir-26a-1-3p	0	3	15	1	3	3
hsa-mir-6755-5p	1	5	5	4	2	3
hsa-mir-6735-3p	1	0	1	1	3	3
hsa-mir-1197	0	0	0	0	1	1
hsa-mir-628-5p	34	41	67	32	41	52
hsa-mir-203b-3p	90	96	116	74	77	94
hsa-mir-526b-5p	1	1	1	0	1	1
hsa-mir-556-3p	1	4	6	3	5	2
hsa-mir-101-5p	30	22	42	29	34	27
hsa-mir-5009-5p	2	1	4	4	1	2
hsa-mir-548u	2	4	9	4	15	5
hsa-mir-4433b-3p	0	0	1	0	0	0
hsa-mir-653-3p	11	12	10	10	12	10
hsa-mir-4446-5p	3	1	7	4	2	3
hsa-mir-6764-5p	2	2	3	0	0	4
hsa-mir-6763-3p	2	0	5	1	4	1
hsa-mir-6511a-3p	133	154	302	149	190	224
hsa-mir-520d-3p	3	0	1	1	4	1
hsa-mir-4509	0	1	0	0	1	0
hsa-mir-942-3p	1	3	17	1	4	8
hsa-mir-6733-3p	0	0	0	0	0	1
hsa-mir-5094	49	145	172	131	160	106
hsa-mir-3616-5p	2	4	9	4	5	3
hsa-mir-96-3p	14	18	52	30	31	26
hsa-mir-6511b-5p	0	0	2	0	0	0
hsa-mir-8079	2	1	4	5	2	0
hsa-mir-760	162	157	279	117	139	181
hsa-mir-4744	0	0	1	0	0	0
hsa-mir-6516-5p	8	8	14	5	4	11
hsa-mir-3648	87	113	142	236	203	105
hsa-mir-4479	15	10	12	8	6	16
hsa-mir-4667-5p	1	3	4	2	2	1
hsa-mir-1236-3p	0	0	2	1	0	0
hsa-mir-3127-5p	37	61	91	62	52	73
hsa-mir-4684-3p	1	0	0	0	0	0
hsa-mir-4327	0	0	0	1	0	0
hsa-mir-4502	14	17	33	17	18	8
hsa-mir-4497	109	104	58	193	222	22
hsa-mir-4492	1	11	2	11	9	4
hsa-mir-204-5p	4	0	1	2	1	2
hsa-mir-4277	0	1	0	0	0	0
hsa-mir-3653-5p	0	2	7	2	4	3
hsa-let-7a-5p	121545	136121	252513	103333	142321	157365
hsa-mir-4430	7	27	53	17	15	39
hsa-mir-30b-3p	92	88	178	81	68	123
hsa-mir-219a-2-3p	0	0	1	0	1	0
hsa-mir-6832-5p	0	2	3	0	0	3
hsa-mir-1249-3p	65	105	265	96	76	130
hsa-mir-6726-5p	0	0	1	0	0	1
hsa-mir-211-3p	0	1	0	0	0	0
hsa-mir-139-5p	16	18	26	18	16	21
hsa-mir-3140-3p	5	14	23	11	14	11
hsa-mir-3183	6	5	3	4	4	2
hsa-mir-4728-5p	0	1	1	0	1	0
hsa-mir-922	0	1	0	1	0	0
hsa-mir-611	1	0	1	0	0	0
hsa-mir-943	10	15	19	14	23	25
hsa-mir-4747-3p	0	3	1	0	0	0
hsa-mir-4712-5p	1	0	1	0	0	2
hsa-mir-6787-5p	3	1	1	0	2	0
hsa-mir-5685	0	0	0	0	2	0
hsa-mir-1205	0	0	0	0	1	0
hsa-mir-711	0	1	2	0	0	1
hsa-mir-6801-5p	1	0	2	1	1	1
hsa-let-7c-5p	2049	2180	4079	1846	2382	2895
hsa-mir-92a-2-5p	1	0	0	0	1	0
hsa-mir-7515	0	0	0	1	0	0
hsa-mir-1253	0	1	0	2	1	0
hsa-mir-6879-3p	0	0	2	0	1	0
hsa-mir-6797-5p	0	3	2	1	0	3
hsa-mir-6751-5p	4	0	4	1	5	2
hsa-mir-3065-3p	247	230	525	245	334	421
hsa-mir-374b-5p	2	1	4	0	4	5
hsa-mir-6730-5p	0	0	1	0	0	0
hsa-mir-3659	2	1	1	0	1	0
hsa-mir-5006-3p	2	2	0	1	2	1
hsa-mir-18b-3p	0	0	1	0	0	0
hsa-mir-205-3p	18	32	16	17	34	21
hsa-mir-6821-3p	0	0	0	0	2	0
hsa-mir-3941	0	1	0	1	1	0
hsa-mir-4664-5p	1	0	1	0	0	1
hsa-mir-548ap-5p	3	2	6	2	1	1
hsa-mir-379-5p	0	2	1	0	0	0
hsa-mir-5695	1	1	8	4	4	3
hsa-mir-6804-5p	0	8	4	1	4	1
hsa-mir-7847-3p	2	3	0	6	3	3
hsa-mir-636	39	29	54	21	46	42
hsa-mir-99b-5p	217024	453662	785364	307383	451744	239097
hsa-mir-619-5p	69	143	242	145	115	139
hsa-mir-502-5p	3	6	6	8	11	12
hsa-mir-1915-5p	9	9	12	8	15	16
hsa-mir-93-3p	105	139	263	127	146	120
hsa-mir-127-5p	0	0	0	1	0	0
hsa-mir-6753-5p	1	0	0	2	0	1
hsa-mir-548ar-5p	6	3	2	7	5	3
hsa-mir-3607-3p	221	517	512	343	342	377
hsa-mir-150-5p	4	1	8	2	0	4
hsa-mir-4665-5p	1	0	0	0	0	2
hsa-mir-662	0	0	1	0	0	0
hsa-mir-3120-5p	0	0	1	0	0	0
hsa-mir-6515-5p	0	1	3	0	3	1
hsa-mir-3189-3p	0	1	4	0	1	1
hsa-mir-2276-5p	3	0	8	4	1	2
hsa-mir-500a-3p	1376	2440	4508	2147	2937	1953
hsa-mir-6781-3p	1	2	0	0	0	0
hsa-mir-497-5p	700	650	1073	623	813	744
hsa-mir-6817-5p	0	0	3	0	0	0
hsa-mir-3199	1	4	5	5	9	2
hsa-mir-485-5p	2	4	1	2	1	1
hsa-mir-631	0	1	0	0	0	0
hsa-mir-4312	0	0	0	0	1	0
hsa-mir-1273g-3p	59	152	229	136	77	147
hsa-mir-455-5p	118	98	152	87	120	102
hsa-mir-4265	0	0	0	0	0	2
hsa-mir-4526	1	5	6	4	1	2
hsa-mir-3161	8	4	13	7	3	3
hsa-mir-1266-5p	470	486	858	490	610	583
hsa-mir-1307-5p	2350	1968	5654	3114	3199	3735
hsa-mir-518d-3p	0	0	1	0	0	0
hsa-mir-6791-5p	0	0	1	0	0	0
hsa-mir-6500-3p	0	0	0	0	0	1
hsa-mir-6844	2	4	0	3	3	3
hsa-mir-4778-3p	3	0	0	3	1	0
hsa-mir-6836-5p	3	3	6	2	1	5
hsa-mir-363-5p	2	0	0	0	2	0
hsa-mir-4707-3p	16	18	26	21	15	20
hsa-mir-516a-5p	9	17	35	24	18	10
hsa-mir-4442	0	1	2	0	0	0
hsa-mir-5701	1002	926	1968	1126	1519	1251
hsa-mir-4449	8	11	10	15	6	7
hsa-mir-188-3p	7	4	22	7	8	8
hsa-mir-23a-3p	1704	2056	4586	1894	2295	2253
hsa-mir-381-3p	65	58	61	31	53	45
hsa-mir-6727-3p	0	0	1	0	0	0
hsa-mir-3911	10	13	22	10	22	18
hsa-mir-378c	724	700	1072	579	782	717
hsa-mir-520c-3p	0	0	0	0	0	1
hsa-mir-7108-3p	3	9	3	27	14	1
hsa-mir-7152-3p	0	1	0	0	2	0
hsa-mir-3191-5p	0	0	0	1	0	0
hsa-mir-1227-3p	0	0	1	0	0	0
hsa-mir-6727-5p	2	0	5	1	3	2
hsa-mir-28-5p	251	247	646	222	258	251
hsa-mir-4647	0	3	1	2	1	5
hsa-mir-6776-5p	0	0	0	1	1	1
hsa-mir-1178-3p	0	0	0	0	1	0
hsa-mir-1224-5p	19	22	55	47	28	55
hsa-mir-3134	0	1	1	1	2	1
hsa-mir-2114-5p	1	2	0	1	0	1
hsa-mir-5689	16	9	26	18	24	9
hsa-mir-5010-5p	1	0	1	1	1	2
hsa-mir-196b-3p	0	0	1	0	0	0
hsa-mir-145-3p	0	0	3	1	1	0
hsa-mir-590-5p	19	31	38	15	35	20
hsa-mir-4729	0	0	1	0	0	0
hsa-mir-3681-5p	0	0	0	0	0	2
hsa-mir-661	0	0	3	0	0	0
hsa-mir-6857-3p	0	0	0	0	1	2
hsa-mir-3936	0	0	5	1	0	0
hsa-mir-6510-3p	13	19	27	7	9	4
hsa-mir-3202	0	0	0	0	1	0
hsa-mir-4661-5p	8	9	16	13	12	12
hsa-mir-4706	1	4	3	4	1	1
hsa-mir-198	0	1	0	0	0	0
hsa-mir-1288-5p	0	0	4	0	0	3
hsa-mir-1271-3p	1	0	0	0	0	0
hsa-mir-1278	7	2	11	4	11	3
hsa-mir-5692c	2	0	2	5	1	2
hsa-mir-586	0	0	0	0	2	0
hsa-mir-21-3p	379934	389788	626755	299748	408451	410573
hsa-mir-7150	0	0	1	1	0	0
hsa-mir-6716-5p	0	0	1	1	0	0
hsa-mir-4791	42	40	87	58	61	61
hsa-mir-6789-5p	3	7	4	5	5	5
hsa-mir-141-3p	7205	6084	12460	6215	7249	7211
hsa-mir-525-5p	1	1	2	0	1	0
hsa-mir-1273d	88	107	337	153	102	217
hsa-mir-3149	4	6	11	10	12	7
hsa-mir-4645-3p	0	1	4	4	2	4
hsa-mir-6738-5p	0	1	0	0	0	0
hsa-mir-486-3p	0	2	10	6	3	2
hsa-mir-4503	1	0	0	0	0	0
hsa-mir-16-1-3p	6	12	20	17	13	10
hsa-mir-4480	1	0	0	0	2	1
hsa-mir-3678-3p	1	0	0	0	0	1
hsa-mir-1255b-5p	1	0	3	0	0	0
hsa-mir-378h	1	0	1	1	0	3
hsa-mir-4466	153	161	258	94	143	197
hsa-mir-496	0	0	0	0	2	0
hsa-mir-3124-5p	0	0	1	0	1	0
hsa-mir-758-3p	1	3	4	3	2	6
hsa-mir-363-3p	15	16	26	17	32	9
hsa-mir-491-3p	1	0	7	1	2	6
hsa-mir-3133	1	2	2	0	2	3
hsa-mir-4745-3p	4	4	15	18	10	10
hsa-mir-3908	7	9	24	21	8	15
hsa-mir-6870-5p	0	0	0	1	0	0
hsa-mir-5680	15	2	15	10	19	27
hsa-mir-548f-5p	0	0	0	0	0	2
hsa-mir-146b-3p	29	32	60	26	26	30
hsa-mir-3142	0	0	0	0	1	0
hsa-mir-454-5p	369	360	689	402	397	419
hsa-mir-1306-3p	11	7	14	10	4	8
hsa-mir-1305	1	7	9	10	4	4
hsa-mir-605-5p	0	0	0	1	0	0
hsa-mir-3178	75	118	3	252	237	4
hsa-mir-6812-5p	6	1	11	2	2	4
scrambled	0	0	0	1053	1291	1547
