	mt1.lane.clean.uniquified.fa.gz	mt2.lane.clean.uniquified.fa.gz	mt3.lane.clean.uniquified.fa.gz	wt1.lane.clean.uniquified.fa.gz	wt2.lane.clean.uniquified.fa.gz	wt3.lane.clean.uniquified.fa.gz
mmu-mir-9-2-5p	12737677	6800940	4756215	9576724	9122114	5969341
mmu-mir-148a-3p	1743661	1163327	665104	2613705	3561044	1930617
mmu-let-7f-2-5p	1633503	1073539	680484	3149173	2011454	1536293
mmu-let-7i-5p	2505192	1392807	1173940	3131739	2550964	2067746
mmu-mir-21a-5p	2895348	1881237	632888	1926974	2817469	2758748
mmu-mir-99a-5p	2547407	1397176	1058276	2193084	1623638	1293428
mmu-let-7g-5p	981436	471151	425440	1967987	1259372	712046
mmu-mir-10a-5p	1765225	1205053	1477216	1763035	594510	225172
mmu-mir-30a-5p	989767	464578	348677	1037353	1325439	559114
mmu-mir-10b-5p	1166678	620736	739350	131751	225647	142562
mmu-mir-99b-5p	718904	369304	263449	939088	637937	569795
mmu-let-7c-2-5p	618849	364329	282533	932674	369354	359126
mmu-mir-30d-5p	529071	282664	222031	810999	617872	395583
mmu-mir-9-2-3p	641056	316812	235616	780758	407208	221234
mmu-mir-100-5p	743032	369310	226810	380662	670469	707623
mmu-mir-26a-2-5p	532699	294571	201472	716180	334922	231664
mmu-let-7a-2-5p	157995	97018	80857	599726	178327	136813
mmu-mir-467a-9-5p	9273	2828	2693	17004	519900	8436
mmu-mir-27b-3p	200580	88316	57962	445751	288029	146297
mmu-mir-5099-3p	146763	121268	54420	425295	298852	274155
mmu-mir-30c-1-5p	186457	99782	83979	389945	187430	96231
mmu-mir-103-2-3p	278841	119452	80947	373334	364565	136897
mmu-mir-151-3p	139408	107769	49209	355976	179092	257637
mmu-mir-182-5p	3348	193	186	223	344792	5629
mmu-mir-335-3p	63157	37598	20311	325566	92356	64788
mmu-mir-25-3p	171572	94170	78744	289717	202729	139168
mmu-mir-92a-1-3p	114243	82723	50488	281211	163039	94870
mmu-mir-125b-1-5p	264145	131714	98597	248479	132958	109218
mmu-mir-7a-2-5p	116683	77288	47683	242445	251661	147082
mmu-mir-101b-3p	109327	58398	34485	119762	238406	82433
mmu-mir-148b-3p	192706	77732	68211	234564	206095	132765
mmu-mir-669c-5p	6581	5119	2007	19169	224677	4556
mmu-mir-340-5p	149932	83884	50049	222273	217457	62787
mmu-mir-20a-5p	114874	63073	39292	217177	191018	40784
mmu-mir-181b-2-5p	104717	70691	44503	216173	85594	72386
mmu-let-7b-5p	123620	86961	54368	191304	67066	72276
mmu-let-7d-5p	56165	35126	27184	189500	48385	43355
mmu-mir-532-5p	99751	64550	34997	169876	118084	85580
mmu-mir-191-5p	73516	35947	26588	169199	105032	41459
mmu-mir-542-3p	20526	11193	6285	26228	160284	9883
mmu-mir-488-3p	129654	51863	42684	158730	131457	86183
mmu-mir-183-5p	1963	107	122	119	157240	3160
mmu-mir-181a-2-5p	128960	70966	47000	154909	90007	64245
mmu-mir-93-5p	89084	45483	31914	153468	112066	42358
mmu-mir-17-5p	71070	42997	26534	149674	121288	31085
mmu-mir-30e-5p	96953	55640	32215	143052	119988	43966
mmu-mir-34c-5p	79961	22111	25253	135508	115325	21754
mmu-mir-92b-3p	131478	65010	44954	86352	52135	45960
mmu-mir-128-1-3p	40485	31663	14492	123419	32190	44179
mmu-mir-101a-3p	72103	34487	20222	61638	110822	38115
mmu-mir-322-3p	33845	19612	16912	54440	104415	25886
mmu-mir-30a-3p	78889	41127	28872	99217	67689	66435
mmu-mir-129-1-5p	62735	37989	36341	97769	37886	32860
mmu-mir-106b-3p	44200	25307	17349	91835	60345	45793
mmu-mir-674-3p	23911	19169	9951	89540	37467	31550
mmu-mir-26b-5p	60914	24600	22979	88994	52461	30832
mmu-mir-98-5p	43252	24592	14499	88555	39387	26396
mmu-mir-378a-3p	82190	68409	46468	80271	76602	49310
mmu-mir-30e-3p	50572	29978	19102	79172	51533	52948
mmu-mir-335-5p	47433	27433	13046	78747	52859	14724
mmu-mir-199a-1-3p	24580	9114	6910	47383	77662	38328
mmu-mir-152-3p	41042	21189	9358	59894	77592	15241
mmu-mir-140-3p	71906	34289	26737	57801	76177	37538
mmu-mir-423-3p	33853	18682	14721	75908	33282	28615
mmu-mir-181a-1-3p	58109	23676	18611	72260	72133	40556
mmu-mir-872-5p	57255	32012	19382	72033	45232	25406
mmu-mir-1839-5p	62866	30171	16438	71866	58545	35687
mmu-mir-3963-5p	34405	10968	11644	70763	24684	26572
mmu-mir-361-3p	38756	23802	17162	70678	52480	42498
mmu-let-7e-5p	38522	29366	17680	68230	33571	29441
mmu-mir-125b-1-3p	66236	40923	18472	61960	43598	55277
mmu-mir-744-5p	16768	10940	8185	65936	19118	17399
mmu-mir-328-3p	25835	17756	9021	65849	20838	15951
mmu-mir-351-5p	46285	23137	18416	62265	37248	25942
mmu-mir-9-1-3p	19776	12774	7416	61796	23341	19868
mmu-mir-125a-5p	31567	18486	14393	56295	11082	13553
mmu-mir-99b-3p	29668	16481	11875	53676	27294	29882
mmu-mir-5117-5p	12210	10214	6801	52410	35727	13122
mmu-mir-186-5p	24296	19303	8364	51970	30963	14292
mmu-mir-181d-5p	14871	11613	8023	51067	19549	18605
mmu-mir-320-3p	19418	13811	9336	50042	38106	15972
mmu-mir-5109-3p	49567	21722	6680	22530	31862	21289
mmu-mir-199a-1-5p	6407	1994	1308	8088	47541	26844
mmu-mir-669a-5-5p	1328	885	405	3214	46452	1077
mmu-mir-484-5p	9425	6396	4883	45172	13563	7296
mmu-mir-298-5p	13422	9781	5498	43479	22627	14289
mmu-mir-296-3p	6858	7040	4258	43397	13265	11665
mmu-mir-181a-2-3p	41669	22079	16241	37024	23325	24675
mmu-mir-344-1-3p	40209	18165	10951	35120	22374	17931
mmu-mir-210-3p	13100	15792	3914	22184	39672	13325
mmu-mir-143-3p	39508	14833	11167	24071	31589	32403
mmu-mir-455-5p	30307	20657	13001	38813	24182	15346
mmu-mir-146b-5p	34019	17918	9982	38770	29098	34677
mmu-mir-92a-2-3p	19148	11997	6854	38173	17870	9097
mmu-mir-16-2-5p	33319	27785	10869	34166	31993	11012
mmu-mir-467e-5p	1008	531	355	2150	32660	889
mmu-let-7d-3p	12693	8348	5158	30873	11162	8095
mmu-mir-146a-5p	13652	6483	5045	29606	14982	3924
mmu-mir-1198-5p	13540	8112	5418	29180	9807	13290
mmu-let-7c-2-3p	14837	4276	5601	29044	12390	5527
mmu-mir-192-5p	27673	13036	11603	27985	28855	15618
mmu-mir-374b-5p	12487	7056	4628	28013	23732	6235
mmu-mir-503-5p	8184	4446	2913	10310	26492	2947
mmu-mir-1983-3p	8468	8741	3511	26437	13406	6471
mmu-mir-450a-2-5p	4859	3614	2030	9024	25764	3224
mmu-mir-185-5p	17511	10165	7156	25351	16064	9864
mmu-mir-16-1-3p	24336	14390	8999	25091	24746	19984
mmu-mir-501-3p	6640	4649	2600	24999	7199	5035
mmu-mir-423-5p	9183	7636	4838	24707	13051	12060
mmu-mir-450b-5p	2560	2244	1179	4466	23319	2797
mmu-mir-127-3p	22942	7412	18805	5892	7572	5263
mmu-mir-672-5p	9794	5836	3431	22938	10325	7635
mmu-mir-125b-2-3p	22632	12578	8518	19111	14790	9813
mmu-mir-23b-3p	8168	4272	2508	21547	12140	7183
mmu-mir-345-3p	8942	5282	3104	21100	12235	7217
mmu-mir-19b-2-3p	10720	7012	2618	10404	20773	2839
mmu-mir-322-5p	9215	6131	2826	7371	19848	3036
mmu-mir-3096b-5p	19358	8993	2914	9170	18775	8283
mmu-mir-106b-5p	10463	10915	3668	15374	18900	5109
mmu-mir-467d-3p	324	224	117	626	18759	156
mmu-mir-32-5p	9584	6869	3957	18672	9027	6587
mmu-mir-6240-3p	18453	8789	3555	11553	10559	12741
mmu-mir-196b-5p	15949	144	18435	3107	955	1899
mmu-mir-30c-2-3p	17631	9217	6608	18389	14529	12071
mmu-mir-5121-3p	17859	8273	3344	6415	10642	7560
mmu-mir-1981-5p	6954	3361	1480	17782	13205	10811
mmu-mir-3081-3p	14925	8755	6074	15769	17293	10295
mmu-mir-132-3p	15783	16467	9146	9638	10152	11472
mmu-mir-34a-5p	9056	5415	3039	15924	14320	5293
mmu-mir-30b-5p	12150	13832	4490	14060	15892	5420
mmu-mir-425-5p	7220	5552	2409	13080	15852	7816
mmu-mir-598-3p	14995	6047	4789	15755	13040	9967
mmu-mir-379-5p	15653	4449	8285	2930	4063	3047
mmu-mir-130b-5p	2788	1230	1206	15501	4480	2244
mmu-mir-96-5p	172	16	15	8	15489	236
mmu-mir-128-2-3p	3624	2243	1354	15204	3707	4256
mmu-mir-218-2-5p	14868	6157	3684	7642	6296	5472
mmu-mir-344b-3p	7122	3574	2304	14267	7576	4215
mmu-mir-212-5p	14217	6952	6871	8594	5195	8006
mmu-mir-1843b-5p	12590	5794	3885	14214	9382	8524
mmu-mir-615-3p	6378	6763	13809	2812	261	97
mmu-mir-652-3p	13786	8464	3722	12475	9482	5962
mmu-mir-181b-1-3p	10038	4660	3060	13715	12831	7257
mmu-mir-139-5p	5943	7553	2289	13498	8856	7620
mmu-mir-6239-3p	13007	8203	3544	13316	9454	7983
mmu-mir-325-5p	8343	4881	2788	12925	5347	4110
mmu-mir-292-5p	2514	156	89	29	12462	21
mmu-mir-22-3p	5659	4558	1854	12271	4901	3514
mmu-mir-15b-5p	5911	3046	2496	12103	7673	3242
mmu-mir-669a-5-3p	239	218	100	576	11678	136
mmu-mir-293-5p	2136	80	58	20	11485	10
mmu-mir-27a-3p	6836	4599	2616	11449	5561	3706
mmu-mir-676-3p	4284	2668	1800	11443	4704	2856
mmu-mir-3962-3p	5629	2880	2528	10983	7376	4417
mmu-mir-669o-5p	402	188	134	809	10798	269
mmu-mir-340-3p	5762	2753	2160	10654	4389	5043
mmu-mir-378c-5p	10129	6627	4473	8426	10611	4457
mmu-mir-467c-5p	393	279	120	1617	10410	392
mmu-let-7j-5p	9566	4136	4424	10378	10008	7026
mmu-mir-181c-3p	9513	3985	3042	9504	10257	4828
mmu-mir-29a-3p	10017	9343	4148	7821	5400	4293
mmu-mir-28a-3p	8637	4976	2422	9985	7741	6191
mmu-mir-107-3p	4427	2359	1619	9956	6333	2201
mmu-let-7c-1-3p	9940	3222	3213	8310	5316	3231
mmu-mir-1843a-5p	8608	4601	3053	9804	7042	5954
mmu-mir-674-5p	4059	2622	1390	9429	5367	2483
mmu-mir-10a-3p	6013	3775	6195	9413	2173	412
mmu-mir-148a-5p	3931	2226	1383	8854	9225	3599
mmu-mir-466b-8-3p	318	257	111	820	9032	200
mmu-mir-221-3p	6215	2190	3943	9026	3956	772
mmu-mir-541-5p	8811	2400	6606	2337	2345	1696
mmu-mir-6243-5p	8569	4349	1795	6276	5883	6268
mmu-mir-92b-5p	7448	6440	2940	8481	4253	5698
mmu-mir-342-3p	6063	8186	2245	7196	6494	4765
mmu-mir-669l-5p	325	187	103	831	8186	238
mmu-mir-23a-3p	4473	2710	1616	8158	4941	2608
mmu-mir-219-1-3p	5731	3143	2143	8127	2843	4047
mmu-mir-344f-3p	3346	1611	544	8067	4873	4105
mmu-mir-19b-1-3p	1093	473	345	7904	5184	556
mmu-mir-381-3p	7626	2379	5523	2512	3674	1961
mmu-mir-503-3p	3928	2109	1934	5050	7447	2799
mmu-mir-362-5p	4314	2063	1345	7325	5181	1631
mmu-mir-361-5p	4441	2533	1296	7272	4855	2071
mmu-mir-3068-3p	5963	2086	1279	5674	7101	3098
mmu-mir-669m-2-5p	374	178	106	797	6852	210
mmu-mir-30b-3p	3874	2090	1363	6752	4111	2335
mmu-let-7f-1-5p	3038	1971	892	6750	3217	2218
mmu-mir-15b-3p	2695	1771	893	6675	4238	2392
mmu-mir-149-5p	5531	6571	2580	6143	5991	4209
mmu-mir-760-3p	2138	1171	645	6481	1779	2518
mmu-mir-5105-3p	5870	3026	1213	6149	4203	3352
mmu-mir-126-3p	3160	2386	1272	4784	6052	2158
mmu-mir-155-5p	4597	3846	1986	5921	4135	2613
mmu-mir-1957a-5p	4893	2370	1577	5759	5579	4168
mmu-mir-19a-3p	3233	2218	1065	5707	5109	1357
mmu-mir-350-3p	3214	5639	1100	3714	3349	2767
mmu-mir-1935-3p	3162	2333	901	5625	2808	1486
mmu-mir-669e-5p	293	182	100	642	5584	175
mmu-mir-151-5p	3557	4285	784	5570	4082	3011
mmu-mir-219-2-3p	5507	2926	2673	308	202	506
mmu-mir-199b-5p	2764	565	754	4240	5416	430
mmu-mir-3068-5p	2595	1287	787	4360	5404	1557
mmu-mir-669d-5p	181	89	63	376	5332	137
mmu-mir-301a-5p	2277	1047	855	5311	2441	1844
mmu-mir-455-3p	4650	2861	1894	5306	3046	1386
mmu-mir-466d-3p	148	143	64	528	5303	98
mmu-mir-6540-5p	3181	1000	799	5199	2153	718
mmu-mir-222-3p	2341	1351	1616	5086	1908	460
mmu-mir-466c-1-5p	136	84	38	334	5048	129
mmu-mir-671-3p	1614	998	740	4883	1709	2183
mmu-mir-339-5p	3154	1657	1031	4834	3141	1402
mmu-mir-466h-5p	127	129	50	438	4786	140
mmu-mir-194-2-5p	4114	2364	1536	4735	4266	1096
mmu-mir-30d-3p	3033	1509	1071	4706	3548	1455
mmu-mir-212-3p	4629	4475	1673	1433	2347	2387
mmu-mir-187-3p	4623	1848	1823	2102	2400	1745
mmu-mir-34b-3p	2013	1019	791	4589	1848	791
mmu-mir-203-3p	1070	361	285	409	4546	475
mmu-mir-467d-5p	138	96	52	395	4484	116
mmu-mir-677-5p	4416	1655	643	1778	4414	1457
mmu-mir-3093-3p	2682	1504	701	4404	1629	2117
mmu-mir-872-3p	2779	1437	1013	4280	2366	1310
mmu-mir-297a-3-3p	176	434	83	433	4270	132
mmu-mir-130a-3p	2862	2178	1092	4260	2827	1650
mmu-mir-140-5p	3373	2514	1264	4244	2279	1401
mmu-mir-27a-5p	2253	1326	736	4202	2600	2226
mmu-mir-504-5p	1798	942	803	4039	1526	491
mmu-mir-1191-3p	3001	1332	1145	4008	3520	2014
mmu-mir-132-5p	4005	3029	1863	3181	2908	3071
mmu-mir-293-3p	1267	56	35	3	3957	9
mmu-mir-434-5p	3946	1280	3316	1191	993	943
mmu-mir-135a-2-5p	3934	2518	1138	317	290	500
mmu-mir-1981-3p	1268	719	440	3869	1774	1400
mmu-mir-344c-3p	2254	1515	703	3865	2115	1498
mmu-mir-384-3p	3585	2878	1187	3860	2316	1467
mmu-mir-125b-2-5p	3338	1270	1104	3856	1499	1077
mmu-mir-486-5p	3814	2324	1810	3145	1916	1987
mmu-mir-378b-3p	3788	2713	1844	2905	3432	1641
mmu-mir-18a-5p	1272	1382	463	3762	2683	869
mmu-mir-671-5p	2947	1674	796	3675	2411	1416
mmu-let-7b-3p	2994	1677	1150	3613	1644	1651
mmu-mir-325-3p	2206	959	840	3508	2046	1167
mmu-mir-676-5p	1246	690	523	3422	1817	1036
mmu-let-7c-1-5p	2304	1320	1097	3379	1484	1182
mmu-mir-184-3p	491	587	76	3372	1870	2175
mmu-mir-214-3p	332	268	70	568	3250	1844
mmu-mir-6539-5p	73	75	68	307	3248	174
mmu-mir-135a-1-3p	3237	1145	384	120	394	1054
mmu-mir-362-3p	1760	959	550	3213	2877	562
mmu-mir-6236-5p	3202	1469	753	2919	1904	1075
mmu-mir-129-2-3p	3172	2201	1484	2627	1708	612
mmu-let-7f-1-3p	1168	685	467	3170	1246	781
mmu-mir-690-3p	3143	1154	602	1896	1482	1047
mmu-mir-346-5p	1810	996	753	3029	1025	815
mmu-mir-25-5p	664	541	394	2991	746	578
mmu-mir-466g-3p	97	164	30	392	2986	111
mmu-mir-324-3p	1904	1328	802	2840	1968	1003
mmu-mir-195a-3p	860	554	298	2822	1553	668
mmu-mir-669f-5p	151	53	41	368	2762	64
mmu-mir-17-3p	1798	927	454	2024	2737	607
mmu-mir-877-5p	1312	1381	460	2716	2563	1438
mmu-mir-331-3p	2315	2414	936	2630	2101	1579
mmu-mir-582-3p	1848	605	237	1649	2609	2236
mmu-mir-700-3p	1131	872	370	2604	1085	835
mmu-mir-196a-2-5p	927	51	2581	730	141	132
mmu-mir-5097-3p	658	493	304	2581	1168	564
mmu-mir-344g-3p	548	248	105	2546	1643	449
mmu-mir-338-5p	637	464	183	2543	744	659
mmu-mir-5115-5p	2531	1380	583	2447	1717	1465
mmu-mir-532-3p	804	735	340	2528	1268	622
mmu-mir-30c-1-3p	1028	843	573	2524	1158	830
mmu-mir-3066-5p	1253	694	508	2523	1841	1079
mmu-mir-411-5p	2490	782	1623	716	584	279
mmu-mir-5100-3p	675	630	436	2473	1087	1577
mmu-mir-135a-2-3p	2457	834	813	153	384	514
mmu-mir-21c-5p	2388	1410	514	1515	2030	1878
mmu-mir-425-3p	1094	734	397	2347	1811	659
mmu-mir-370-3p	2323	709	1991	871	663	595
mmu-mir-28a-5p	2100	1374	663	2297	1174	1020
mmu-mir-152-5p	1041	793	308	2186	2289	772
mmu-mir-421-3p	1314	873	412	2266	1374	784
mmu-mir-5117-3p	1576	1038	367	1563	2189	931
mmu-mir-3470b-5p	1393	852	505	1794	2164	1099
mmu-mir-7a-1-5p	1038	668	405	2139	1806	947
mmu-mir-125a-3p	940	745	452	2124	923	845
mmu-mir-374b-3p	726	370	379	2109	1314	496
mmu-mir-384-5p	1366	1182	569	2105	1130	656
mmu-mir-3074-1-5p	967	473	303	2102	986	749
mmu-mir-26a-2-3p	2097	1331	588	1691	1387	813
mmu-mir-148b-5p	1167	732	378	2096	1571	748
mmu-mir-877-3p	472	365	200	2082	938	555
mmu-mir-134-5p	2006	621	1251	553	749	318
mmu-mir-669f-3p	63	65	37	175	2001	55
mmu-mir-297b-5p	86	54	26	273	1892	54
mmu-mir-200b-3p	256	15	14	102	1861	31
mmu-let-7f-2-3p	1344	543	499	1846	1829	495
mmu-mir-10b-3p	1841	877	1610	458	504	142
mmu-mir-3968-3p	943	539	439	1840	699	838
mmu-let-7e-3p	791	439	324	1792	722	407
mmu-mir-708-3p	1779	690	1203	191	373	199
mmu-mir-466n-5p	25	31	20	97	1766	37
mmu-mir-295-3p	463	39	18	1	1731	4
mmu-mir-331-5p	1114	621	470	1714	987	686
mmu-mir-3475-3p	1711	753	962	315	170	259
mmu-mir-297a-2-5p	40	23	15	116	1692	31
mmu-mir-204-5p	128	62	19	1404	650	1656
mmu-mir-615-5p	637	559	456	1650	529	291
mmu-mir-224-5p	443	162	130	1463	1634	262
mmu-mir-181b-1-5p	766	375	316	1632	727	425
mmu-mir-93-3p	606	411	229	1624	631	297
mmu-mir-466f-2-5p	67	44	18	147	1616	38
mmu-mir-18a-3p	451	388	200	1594	743	354
mmu-mir-488-5p	1081	324	369	1585	1048	693
mmu-let-7a-1-5p	559	308	234	1544	581	511
mmu-mir-3970-5p	1178	665	522	1534	1268	963
mmu-mir-1843b-3p	685	536	248	1462	823	871
mmu-mir-34c-3p	734	252	175	1452	547	182
mmu-mir-881-3p	204	156	53	246	1425	330
mmu-mir-342-5p	619	590	260	1421	511	607
mmu-mir-291a-3p	233	24	13	0	1405	0
mmu-let-7k-5p	776	547	349	1400	644	561
mmu-mir-181b-2-3p	866	720	421	1392	505	496
mmu-mir-221-5p	1390	495	803	1170	805	246
mmu-mir-6240-5p	1235	627	335	1375	736	928
mmu-mir-9-3-5p	1348	1014	515	819	801	448
mmu-mir-365-1-3p	635	966	248	1341	1098	635
mmu-mir-99a-3p	1303	746	556	1129	972	553
mmu-mir-1964-3p	609	342	304	1296	821	896
mmu-mir-301a-3p	612	400	205	1286	961	351
mmu-mir-196a-1-3p	358	8	1279	352	95	232
mmu-mir-383-5p	1046	304	279	1245	465	276
mmu-mir-345-5p	798	1241	262	1146	1122	680
mmu-mir-188-5p	477	354	140	1235	504	206
mmu-mir-466b-1-5p	40	43	28	158	1231	39
mmu-mir-3093-5p	364	180	161	1227	259	334
mmu-mir-15a-5p	1020	676	401	1212	1076	324
mmu-mir-704-3p	555	284	202	1055	1205	824
mmu-mir-324-5p	648	783	220	1203	848	417
mmu-mir-153-3p	807	492	279	1190	628	195
mmu-mir-6239-5p	1165	600	208	1173	784	584
mmu-mir-382-3p	1172	260	719	249	415	248
mmu-mir-98-3p	800	419	218	1161	679	353
mmu-mir-409-3p	1161	452	1015	591	563	319
mmu-mir-16-2-3p	313	148	125	1146	748	217
mmu-mir-669n-5p	36	24	10	84	1144	21
mmu-mir-1934-3p	259	270	158	1141	600	304
mmu-mir-2137-3p	570	292	136	1133	249	304
mmu-mir-32-3p	409	377	204	1121	467	443
mmu-mir-195a-5p	707	632	233	1014	1116	240
mmu-mir-450b-3p	630	421	216	1048	1110	273
mmu-mir-1961-3p	789	348	325	1103	840	552
mmu-mir-574-3p	475	913	154	1101	684	543
mmu-mir-300-3p	1099	452	843	397	641	222
mmu-mir-130b-3p	350	293	120	1094	870	232
mmu-mir-27b-5p	281	208	111	1070	360	401
mmu-mir-467e-3p	23	26	7	59	1055	16
mmu-mir-5126-3p	466	246	91	1051	312	328
mmu-mir-409-5p	1036	198	681	278	421	203
mmu-mir-350-5p	521	393	214	1014	521	443
mmu-mir-669h-5p	43	16	7	47	1002	15
mmu-mir-339-3p	644	373	235	987	633	398
mmu-mir-193b-3p	416	985	132	370	658	344
mmu-mir-185-3p	894	375	341	966	600	512
mmu-mir-670-5p	399	237	249	966	581	210
mmu-mir-181c-5p	651	392	234	952	687	325
mmu-mir-206-3p	345	284	83	942	331	108
mmu-mir-139-3p	359	295	128	938	387	329
mmu-mir-466b-8-5p	46	40	19	142	929	27
mmu-mir-664-5p	917	442	158	706	372	360
mmu-mir-292-3p	332	39	11	0	897	2
mmu-mir-1839-3p	790	599	206	895	661	538
mmu-mir-5098-3p	549	281	181	885	638	421
mmu-mir-708-5p	877	310	453	50	82	28
mmu-mir-214-5p	164	122	36	239	872	828
mmu-mir-29b-1-3p	735	871	322	661	468	223
mmu-mir-6236-3p	786	467	253	867	659	573
mmu-mir-9-3-3p	837	335	276	849	491	162
mmu-mir-21b-5p	845	476	165	609	701	685
mmu-mir-434-3p	844	229	743	292	221	172
mmu-mir-92a-1-5p	167	162	72	835	307	196
mmu-mir-3057-5p	776	296	229	818	508	448
mmu-mir-22-5p	584	524	193	809	530	424
mmu-mir-700-5p	419	395	140	796	560	475
mmu-mir-149-3p	392	352	272	791	716	355
mmu-mir-127-5p	775	201	480	155	298	116
mmu-mir-20b-5p	392	160	121	512	756	104
mmu-mir-1306-3p	388	363	156	755	520	421
mmu-mir-874-3p	585	350	158	738	296	364
mmu-mir-328-5p	292	272	191	721	426	310
mmu-mir-382-5p	718	182	379	211	193	110
mmu-mir-153-5p	221	142	82	715	203	103
mmu-mir-1947-5p	461	313	180	713	416	538
mmu-mir-6412-3p	317	149	129	694	324	239
mmu-mir-128-1-5p	281	147	119	687	355	262
mmu-mir-7a-1-3p	343	282	144	685	500	209
mmu-mir-219-1-5p	683	339	236	650	533	260
mmu-mir-5105-5p	683	270	192	561	413	440
mmu-mir-190a-5p	384	392	150	572	679	212
mmu-mir-3060-3p	250	150	129	677	302	165
mmu-mir-3096b-3p	514	258	176	505	653	366
mmu-mir-21a-3p	339	193	73	648	476	421
mmu-mir-6243-3p	643	314	109	546	355	303
mmu-mir-3473b-3p	176	270	100	621	641	177
mmu-mir-497-5p	324	235	81	640	520	128
mmu-mir-6399-3p	87	84	81	640	334	221
mmu-mir-29c-5p	451	475	139	559	500	630
mmu-mir-341-3p	626	156	369	155	279	97
mmu-mir-3470a-5p	418	234	111	624	427	273
mmu-mir-326-3p	506	569	125	608	476	319
mmu-mir-294-3p	200	15	3	3	606	0
mmu-mir-344d-1-3p	187	84	24	597	177	232
mmu-mir-7b-5p	588	110	151	485	431	391
mmu-mir-103-1-3p	390	163	111	581	529	240
mmu-mir-299a-3p	578	167	439	239	286	123
mmu-mir-20a-3p	251	188	123	572	356	213
mmu-mir-191-3p	228	124	65	571	296	163
mmu-mir-1306-5p	172	109	97	548	227	134
mmu-mir-330-5p	494	195	141	200	546	54
mmu-mir-101c-3p	350	178	100	328	543	162
mmu-mir-3102-3p	235	235	66	540	239	97
mmu-mir-337-5p	536	149	422	192	164	86
mmu-mir-483-3p	20	3	12	7	531	6
mmu-mir-669b-3p	17	54	1	37	513	5
mmu-mir-351-3p	278	222	133	487	512	275
mmu-mir-501-5p	107	81	34	511	179	47
mmu-mir-1968-5p	455	230	117	508	309	254
mmu-mir-297a-2-3p	28	65	20	72	508	30
mmu-mir-5128-3p	75	77	34	506	145	87
mmu-mir-365-1-5p	345	143	68	427	506	144
mmu-mir-320-5p	451	308	108	494	308	415
mmu-mir-33-3p	248	121	78	405	493	128
mmu-mir-124-3-5p	492	191	138	410	244	148
mmu-mir-1843a-3p	175	104	49	485	128	192
mmu-mir-1195-5p	480	144	57	354	227	106
mmu-mir-1968-3p	415	220	113	473	268	230
mmu-mir-703-5p	458	306	85	169	410	305
mmu-mir-126-5p	125	69	41	222	456	60
mmu-mir-483-5p	9	1	9	4	455	0
mmu-mir-669m-2-3p	18	19	7	20	449	4
mmu-mir-486-3p	40	148	124	449	58	180
mmu-mir-670-3p	323	220	96	444	379	111
mmu-mir-190b-5p	199	117	71	443	210	131
mmu-mir-712-5p	123	97	32	442	225	119
mmu-mir-3082-3p	309	130	119	384	442	278
mmu-mir-1194-3p	280	154	100	439	340	219
mmu-mir-669i-5p	26	8	3	40	438	14
mmu-mir-34b-5p	160	52	61	438	215	52
mmu-mir-130a-5p	282	306	78	410	436	291
mmu-mir-344i-3p	100	58	25	433	112	167
mmu-mir-16-1-5p	413	294	132	427	380	153
mmu-mir-145a-5p	409	183	167	371	415	355
mmu-let-7i-3p	305	260	114	414	306	154
mmu-mir-505-3p	183	99	77	409	177	81
mmu-mir-664-3p	238	213	77	408	231	164
mmu-mir-542-5p	53	36	22	71	402	55
mmu-mir-592-5p	293	106	246	394	213	32
mmu-mir-466f-2-3p	10	7	6	42	389	8
mmu-mir-1933-3p	231	133	68	386	285	230
mmu-mir-301b-5p	69	45	39	384	190	111
mmu-mir-363-3p	155	72	51	189	380	20
mmu-mir-1965-3p	187	86	65	305	368	195
mmu-mir-1940-5p	365	241	109	258	298	235
mmu-mir-574-5p	127	91	56	364	181	144
mmu-mir-1945-3p	209	136	60	362	225	190
mmu-mir-450a-1-3p	92	66	53	257	361	61
mmu-mir-744-3p	184	132	74	360	273	142
mmu-mir-33-5p	171	113	70	358	255	160
mmu-mir-702-3p	119	82	38	343	262	114
mmu-mir-200a-3p	56	2	2	16	341	1
mmu-mir-3099-3p	337	186	89	244	149	210
mmu-mir-378a-5p	308	285	145	335	218	110
mmu-mir-29c-3p	205	234	78	326	257	88
mmu-mir-200c-3p	69	26	20	109	323	34
mmu-mir-329-5p	319	90	237	99	172	56
mmu-mir-669e-3p	16	13	5	33	316	6
mmu-mir-1983-5p	116	168	36	315	164	75
mmu-mir-466m-3p	10	9	4	16	309	8
mmu-mir-3064-5p	144	121	53	306	231	160
mmu-mir-669a-3-3p	12	5	2	12	305	1
mmu-mir-3074-1-3p	128	70	53	304	161	87
mmu-mir-183-3p	5	0	0	1	295	5
mmu-mir-3473d-3p	114	71	29	293	160	100
mmu-mir-709-3p	260	190	51	286	188	91
mmu-mir-301b-3p	107	101	40	281	284	59
mmu-mir-323-3p	278	77	176	73	204	34
mmu-mir-378d-5p	271	226	143	277	266	110
mmu-mir-3067-5p	275	135	47	99	56	103
mmu-mir-298-3p	144	71	57	273	189	72
mmu-mir-31-5p	272	167	147	146	160	153
mmu-mir-6413-3p	95	116	52	164	270	68
mmu-mir-3473e-5p	180	129	55	190	268	48
mmu-mir-1929-5p	135	69	29	265	244	114
mmu-mir-466l-3p	4	4	2	3	263	5
mmu-mir-3096a-5p	186	100	38	137	263	66
mmu-mir-466n-3p	18	3	5	32	261	7
mmu-mir-696-5p	7	13	2	260	84	41
mmu-mir-15a-3p	163	101	52	260	207	47
mmu-mir-330-3p	219	86	57	135	247	37
mmu-mir-494-3p	245	70	197	124	86	32
mmu-mir-500-3p	172	174	40	242	238	87
mmu-mir-106a-5p	133	52	40	128	241	21
mmu-mir-1943-5p	146	128	62	239	139	124
mmu-mir-669d-3p	6	12	2	8	237	5
mmu-mir-26b-3p	125	59	46	235	105	63
mmu-mir-181a-1-5p	114	54	40	234	137	110
mmu-mir-210-5p	83	139	31	181	234	172
mmu-mir-3069-3p	153	47	49	231	190	75
mmu-mir-219-2-5p	230	107	64	40	24	29
mmu-mir-467c-3p	3	0	0	10	229	1
mmu-mir-652-5p	134	101	51	161	220	109
mmu-mir-291a-5p	69	2	0	0	220	1
mmu-mir-499-5p	28	14	8	59	218	31
mmu-mir-365-2-5p	69	43	23	214	136	49
mmu-mir-1946a-5p	42	28	18	213	53	44
mmu-let-7g-3p	68	162	28	106	213	68
mmu-mir-452-5p	93	45	23	128	211	17
mmu-mir-23b-5p	70	23	26	209	72	45
mmu-mir-200a-5p	28	0	0	7	206	14
mmu-mir-1196-5p	121	58	40	164	206	132
mmu-mir-3085-3p	199	30	66	154	79	13
mmu-mir-194-2-3p	172	90	78	197	162	94
mmu-mir-495-3p	146	197	132	41	59	42
mmu-mir-3061-3p	86	57	40	197	59	48
mmu-mir-155-3p	63	43	44	197	77	49
mmu-mir-5129-3p	129	58	64	196	132	71
mmu-mir-433-3p	160	73	196	122	74	37
mmu-mir-3102-5p	35	26	24	194	73	29
mmu-mir-1251-5p	194	44	69	10	36	44
mmu-mir-380-5p	194	46	115	47	70	29
mmu-mir-411-3p	191	73	144	62	46	27
mmu-mir-3089-3p	112	51	42	190	147	65
mmu-mir-145a-3p	190	52	53	157	95	80
mmu-mir-1953-5p	36	40	9	189	41	24
mmu-mir-6540-3p	188	94	34	181	139	41
mmu-mir-694-3p	45	28	20	187	119	89
mmu-mir-122-5p	186	128	48	175	73	108
mmu-mir-672-3p	143	22	47	181	79	47
mmu-mir-741-3p	13	13	3	25	180	20
mmu-mir-129-1-3p	179	134	64	133	105	60
mmu-mir-9-1-5p	179	72	38	169	95	148
mmu-mir-147-3p	110	65	33	177	157	88
mmu-mir-1946b-3p	43	19	8	176	56	37
mmu-mir-369-3p	175	39	124	51	76	23
mmu-mir-714-3p	36	37	19	167	64	89
mmu-mir-3084-2-5p	116	54	19	167	96	73
mmu-mir-490-3p	44	10	5	167	76	14
mmu-mir-5122-5p	38	22	14	166	49	16
mmu-mir-5113-5p	40	61	30	165	66	102
mmu-mir-215-5p	164	54	53	140	155	86
mmu-mir-182-3p	8	0	0	0	164	4
mmu-mir-466j-3p	20	9	5	42	164	15
mmu-mir-465b-1-5p	43	30	9	60	163	44
mmu-mir-188-3p	48	56	34	162	80	45
mmu-mir-1934-5p	53	38	33	159	40	47
mmu-mir-466p-5p	6	5	1	22	159	6
mmu-mir-143-5p	159	54	46	111	79	52
mmu-mir-338-3p	93	79	11	158	115	66
mmu-mir-3061-5p	78	43	24	158	103	51
mmu-mir-669h-3p	3	4	1	2	156	0
mmu-mir-879-5p	93	38	29	154	139	58
mmu-mir-547-3p	153	57	23	91	54	48
mmu-mir-497-3p	56	34	7	93	150	31
mmu-mir-6538-5p	146	68	18	121	41	56
mmu-mir-3062-5p	97	41	26	142	146	49
mmu-mir-3473b-5p	17	57	33	146	80	66
mmu-mir-1946a-3p	60	33	21	144	83	40
mmu-mir-3091-3p	36	17	12	142	56	28
mmu-mir-679-5p	141	54	68	38	60	17
mmu-mir-410-3p	140	70	76	41	58	15
mmu-mir-222-5p	87	38	62	140	64	16
mmu-mir-146b-3p	91	34	25	138	84	51
mmu-mir-1298-5p	32	32	5	137	85	112
mmu-mir-466f-3-3p	4	0	0	8	137	1
mmu-mir-181d-3p	30	22	15	137	43	30
mmu-mir-500-5p	47	37	19	135	100	27
mmu-mir-3572-5p	48	35	26	134	73	60
mmu-mir-1969-5p	77	54	21	134	31	31
mmu-mir-653-5p	134	42	27	74	89	57
mmu-mir-218-1-5p	132	58	27	39	43	39
mmu-mir-290-5p	28	0	0	0	132	0
mmu-mir-379-3p	131	42	71	29	35	15
mmu-mir-5115-3p	130	75	29	112	57	103
mmu-mir-7a-2-3p	130	31	31	94	44	47
mmu-mir-714-5p	43	21	11	129	42	49
mmu-mir-296-5p	54	23	31	128	47	33
mmu-mir-128-2-5p	21	5	4	128	17	44
mmu-mir-5621-3p	91	20	24	127	55	27
mmu-mir-138-1-5p	126	103	45	39	71	23
mmu-mir-34a-3p	54	41	15	126	79	31
mmu-let-7a-2-3p	126	84	25	89	98	118
mmu-mir-29b-2-5p	73	38	28	125	85	33
mmu-mir-3965-3p	124	67	15	52	120	93
mmu-mir-138-2-5p	124	87	36	100	85	33
mmu-mir-3474-5p	59	41	21	123	41	82
mmu-mir-712-3p	45	29	10	122	62	29
mmu-mir-1930-5p	46	30	14	122	50	31
mmu-mir-470-5p	37	23	4	23	120	11
mmu-mir-485-5p	119	34	61	32	36	19
mmu-mir-582-5p	84	44	11	55	115	65
mmu-mir-3473d-5p	92	61	36	115	87	57
mmu-mir-135b-5p	115	58	23	49	20	44
mmu-mir-465c-1-5p	34	28	10	46	115	26
mmu-mir-196b-3p	115	0	108	31	12	13
mmu-mir-3098-3p	53	26	12	115	26	28
mmu-mir-302a-5p	30	1	0	1	114	0
mmu-mir-100-3p	113	64	35	66	68	65
mmu-mir-5620-5p	69	21	24	112	48	45
mmu-mir-3110-5p	73	25	18	111	101	28
mmu-mir-467h-3p	6	5	5	12	110	10
mmu-mir-19b-1-5p	21	51	15	110	60	23
mmu-mir-124-3-3p	94	40	35	109	67	28
mmu-mir-540-3p	109	34	100	27	43	22
mmu-mir-297c-5p	9	2	1	17	107	0
mmu-mir-5106-3p	51	37	21	59	68	106
mmu-mir-1960-5p	51	31	21	106	85	66
mmu-mir-3066-3p	38	14	15	106	47	23
mmu-mir-466m-5p	3	5	1	9	106	2
mmu-mir-1949-3p	101	46	27	106	65	81
mmu-mir-491-5p	59	104	22	84	64	45
mmu-mir-302b-3p	18	0	1	0	104	0
mmu-mir-431-3p	101	44	63	20	29	18
mmu-mir-429-3p	18	1	2	14	101	1
mmu-mir-466f-1-3p	1	10	1	10	101	3
mmu-mir-3086-5p	71	46	12	86	100	75
mmu-mir-466g-5p	7	10	2	21	100	5
mmu-mir-1970-5p	84	48	24	99	79	45
mmu-mir-5132-5p	29	27	6	99	27	28
mmu-mir-466q-5p	25	21	11	98	48	26
mmu-mir-3083-5p	83	47	21	97	69	29
mmu-mir-871-3p	36	9	4	57	97	42
mmu-mir-3473c-5p	12	19	20	96	35	8
mmu-mir-369-5p	95	46	79	34	16	15
mmu-mir-1966-3p	49	18	13	95	62	37
mmu-mir-1955-5p	31	32	14	94	37	20
mmu-mir-193b-5p	31	35	14	94	43	33
mmu-mir-3471-2-3p	49	27	22	89	94	40
mmu-mir-5615-1-5p	86	51	24	94	82	77
mmu-mir-505-5p	30	20	10	93	20	31
mmu-mir-96-3p	9	4	0	0	93	1
mmu-mir-31-3p	37	90	22	6	23	26
mmu-mir-677-3p	90	34	16	62	67	42
mmu-mir-344c-5p	31	22	10	88	36	20
mmu-mir-467g-3p	6	5	4	3	86	1
mmu-mir-878-5p	28	10	11	9	86	15
mmu-mir-1951-3p	86	34	10	31	31	34
mmu-mir-490-5p	18	6	4	84	13	4
mmu-mir-543-3p	84	30	81	81	47	12
mmu-mir-696-3p	13	10	8	83	33	16
mmu-mir-770-3p	83	25	59	21	14	15
mmu-mir-1982-3p	49	19	21	82	64	22
mmu-mir-344f-5p	39	21	4	81	52	31
mmu-mir-669l-3p	3	2	0	2	81	0
mmu-mir-3076-3p	44	25	18	80	63	16
mmu-mir-187-5p	79	16	30	73	28	29
mmu-mir-150-5p	31	26	5	78	40	17
mmu-mir-344-1-5p	34	15	9	75	26	13
mmu-mir-431-5p	75	27	55	18	50	24
mmu-mir-703-3p	61	75	19	39	66	32
mmu-mir-205-5p	21	12	1	34	74	10
mmu-mir-3967-3p	66	29	20	33	73	62
mmu-mir-1935-5p	69	19	11	63	73	37
mmu-mir-101b-5p	25	22	6	67	72	30
mmu-mir-26a-1-3p	50	33	10	72	54	19
mmu-mir-1946b-5p	58	42	22	64	72	34
mmu-mir-329-3p	69	52	71	29	31	20
mmu-mir-375-3p	19	1	2	6	70	1
mmu-mir-669i-3p	3	2	1	0	70	0
mmu-mir-3097-3p	50	24	15	69	58	44
mmu-mir-193a-5p	24	10	8	68	40	23
mmu-mir-466k-5p	12	8	4	27	68	7
mmu-mir-5114-5p	35	30	14	26	44	67
mmu-mir-124-2-5p	67	53	29	30	25	33
mmu-mir-493-5p	66	15	51	19	14	6
mmu-mir-3470b-3p	45	30	15	66	44	36
mmu-mir-3473a-3p	66	30	10	63	29	22
mmu-mir-702-5p	25	17	5	65	49	14
mmu-mir-485-3p	65	37	53	20	27	15
mmu-mir-1a-1-3p	64	15	24	56	36	23
mmu-mir-147-5p	31	4	6	36	64	18
mmu-mir-1957b-5p	61	37	25	59	17	55
mmu-mir-376c-3p	61	12	56	23	21	4
mmu-mir-673-3p	58	18	60	12	22	17
mmu-mir-1971-5p	24	18	8	60	29	25
mmu-let-7a-1-3p	28	8	6	60	30	17
mmu-mir-666-5p	60	27	59	37	38	26
mmu-mir-1930-3p	21	23	6	59	45	27
mmu-mir-3103-3p	37	22	5	59	42	22
mmu-mir-380-3p	58	30	53	17	24	6
mmu-mir-363-5p	24	8	18	34	58	4
mmu-mir-6237-3p	42	39	15	39	58	36
mmu-mir-1198-3p	33	8	11	56	34	20
mmu-mir-18b-5p	25	9	8	21	56	5
mmu-mir-669c-3p	0	1	0	5	54	1
mmu-mir-1231-5p	13	7	6	54	24	13
mmu-mir-466o-3p	0	1	2	12	54	0
mmu-mir-412-5p	54	20	45	19	21	14
mmu-mir-3087-3p	24	15	13	52	30	17
mmu-mir-1187-3p	37	21	10	33	52	13
mmu-mir-3059-5p	52	20	2	30	27	9
mmu-mir-1933-5p	22	19	8	51	26	25
mmu-mir-5709-5p	48	9	3	51	37	25
mmu-mir-135b-3p	51	5	0	13	15	10
mmu-mir-1954-3p	48	17	13	50	49	15
mmu-mir-344i-5p	45	13	7	50	25	12
mmu-mir-1954-5p	49	22	7	26	38	15
mmu-mir-194-1-5p	49	18	17	37	37	14
mmu-mir-1938-3p	24	18	6	49	27	26
mmu-mir-1950-5p	15	9	8	49	30	18
mmu-mir-138-2-3p	48	5	6	30	21	16
mmu-mir-28c-3p	40	30	27	48	47	32
mmu-mir-701-5p	44	22	23	48	39	14
mmu-mir-1193-3p	48	9	45	18	26	8
mmu-mir-129-2-5p	26	7	15	48	24	13
mmu-mir-3572-3p	26	29	10	47	23	23
mmu-mir-3058-3p	17	2	3	46	10	11
mmu-mir-3075-5p	17	7	3	46	24	15
mmu-mir-5130-5p	11	5	8	45	12	9
mmu-mir-370-5p	39	21	45	17	22	5
mmu-mir-326-5p	19	7	8	31	45	18
mmu-mir-466l-5p	34	15	6	16	44	6
mmu-mir-6390-5p	12	8	3	43	18	9
mmu-mir-186-3p	36	43	16	41	36	21
mmu-mir-29b-2-3p	23	5	3	43	23	10
mmu-mir-196a-1-5p	15	1	42	16	3	5
mmu-mir-551b-3p	25	42	7	32	20	14
mmu-mir-669p-1-3p	1	0	0	5	42	0
mmu-mir-5621-5p	35	13	3	42	17	8
mmu-mir-1936-3p	25	15	13	37	33	41
mmu-mir-3067-3p	41	13	10	26	17	11
mmu-mir-1938-5p	15	13	13	40	39	20
mmu-mir-1955-3p	13	10	8	40	14	12
mmu-mir-29a-5p	24	40	8	27	25	21
mmu-mir-346-3p	39	14	10	36	30	7
mmu-mir-3096a-3p	11	6	5	39	14	9
mmu-mir-1186a-5p	19	13	3	38	24	9
mmu-mir-1b-3p	19	16	6	38	34	10
mmu-mir-487b-3p	37	14	38	9	17	10
mmu-mir-466i-3p	34	9	13	22	38	10
mmu-mir-3084-2-3p	38	25	14	30	36	22
mmu-mir-466b-3-3p	0	3	0	9	38	2
mmu-mir-302d-3p	3	0	0	0	37	0
mmu-mir-199a-2-3p	9	5	3	11	37	17
mmu-mir-3082-5p	24	26	8	37	31	23
mmu-mir-3094-3p	17	8	4	36	24	4
mmu-mir-6369-3p	36	31	8	18	16	6
mmu-mir-1932-3p	18	8	3	35	17	13
mmu-mir-1927-3p	32	18	6	35	28	21
mmu-mir-692-3-3p	30	35	13	14	32	26
mmu-mir-466a-5p	0	1	1	2	35	0
mmu-mir-802-5p	8	2	1	35	9	2
mmu-mir-30c-2-5p	10	5	1	35	10	3
mmu-mir-684-1-5p	34	19	10	7	10	2
mmu-mir-5123-3p	22	11	2	21	34	28
mmu-mir-3470a-3p	20	16	3	34	28	20
mmu-mir-202-5p	31	34	4	1	3	2
mmu-mir-103-2-5p	17	15	2	33	29	13
mmu-mir-701-3p	7	8	2	32	11	6
mmu-mir-693-3p	22	7	6	27	32	28
mmu-mir-450a-2-3p	10	8	0	15	32	6
mmu-mir-873a-5p	32	14	7	27	25	2
mmu-mir-1895-3p	32	24	7	16	12	18
mmu-mir-879-3p	24	15	7	32	27	7
mmu-mir-302a-3p	10	0	0	0	32	0
mmu-mir-3109-3p	22	15	6	31	26	8
mmu-mir-673-5p	31	13	16	7	6	0
mmu-mir-1943-3p	11	10	5	31	16	15
mmu-mir-192-3p	14	17	12	31	11	12
mmu-mir-449a-5p	19	12	7	31	14	7
mmu-mir-667-5p	30	2	22	11	15	10
mmu-mir-466q-3p	8	7	1	18	30	2
mmu-mir-3077-3p	11	13	8	30	16	4
mmu-mir-3473c-3p	16	10	7	30	14	11
mmu-mir-496a-3p	26	29	20	15	7	3
mmu-mir-3471-1-3p	4	13	5	6	29	8
mmu-mir-682-5p	26	12	7	16	22	29
mmu-mir-6537-3p	28	6	4	14	8	25
mmu-mir-3060-5p	28	15	8	12	19	13
mmu-mir-211-5p	9	3	1	16	14	28
mmu-mir-1249-5p	5	7	8	27	13	18
mmu-mir-101c-5p	7	11	7	25	27	26
mmu-mir-144-5p	27	8	3	14	13	7
mmu-mir-3098-5p	8	15	8	10	27	26
mmu-mir-1961-5p	21	15	8	27	17	20
mmu-mir-154-5p	27	9	16	5	2	4
mmu-mir-190a-3p	7	20	4	27	8	12
mmu-mir-465a-3p	10	8	1	22	27	5
mmu-mir-598-5p	8	8	1	26	7	7
mmu-mir-467g-5p	20	13	8	26	23	11
mmu-mir-3092-3p	3	9	3	26	11	9
mmu-mir-467b-3p	0	0	1	0	26	0
mmu-mir-1251-3p	25	17	8	6	7	13
mmu-mir-3112-3p	8	1	4	25	6	3
mmu-mir-1191-5p	13	8	8	25	12	8
mmu-mir-299a-5p	17	25	12	11	8	2
mmu-mir-1907-3p	2	4	1	25	3	3
mmu-mir-6353-5p	14	12	5	25	24	6
mmu-mir-467f-3p	18	15	6	15	25	16
mmu-mir-5112-5p	18	19	5	24	17	15
mmu-mir-493-3p	24	7	7	2	6	2
mmu-mir-466f-4-5p	20	11	6	22	24	11
mmu-mir-883a-3p	6	0	0	5	24	2
mmu-mir-297a-1-5p	2	2	1	9	23	3
mmu-mir-668-3p	23	7	20	9	6	3
mmu-mir-344d-3-5p	6	1	2	23	6	6
mmu-mir-758-3p	23	19	23	11	21	5
mmu-mir-1224-5p	23	16	5	14	16	10
mmu-mir-743b-3p	10	0	1	10	23	1
mmu-mir-5133-5p	13	11	9	23	6	15
mmu-mir-5134-3p	7	0	1	22	11	4
mmu-mir-667-3p	22	14	22	9	1	4
mmu-mir-1192-3p	13	10	1	22	12	5
mmu-mir-5098-5p	21	16	12	22	22	4
mmu-mir-466k-3p	0	5	2	9	22	3
mmu-mir-665-3p	16	3	22	8	11	0
mmu-mir-665-5p	22	7	3	1	16	8
mmu-mir-551b-5p	4	2	5	21	4	2
mmu-mir-1958-3p	13	12	3	10	21	10
mmu-mir-3472-3p	14	7	1	21	8	4
mmu-mir-450a-1-5p	5	2	2	14	21	1
mmu-mir-1186b-5p	14	5	3	21	4	4
mmu-mir-873a-3p	7	9	1	21	7	2
mmu-mir-1231-3p	5	0	6	21	13	6
mmu-mir-466f-4-3p	8	5	2	11	21	5
mmu-mir-669k-3p	0	2	0	0	21	0
mmu-mir-196a-2-3p	10	0	20	4	2	0
mmu-mir-6392-5p	4	5	3	20	1	8
mmu-mir-344h-2-3p	16	7	3	20	13	15
mmu-mir-190b-3p	10	5	7	20	5	4
mmu-mir-3058-5p	15	5	1	20	19	5
mmu-mir-3960-3p	11	16	5	20	8	12
mmu-mir-141-3p	4	1	1	1	20	0
mmu-mir-3471-1-5p	20	3	2	17	11	7
mmu-mir-5123-5p	14	9	1	15	20	17
mmu-mir-763-5p	4	6	0	19	2	2
mmu-mir-6351-5p	5	14	0	1	19	5
mmu-mir-5616-3p	8	11	0	19	7	13
mmu-mir-6380-3p	9	4	4	19	10	10
mmu-mir-5101-3p	13	2	7	19	11	7
mmu-mir-5626-3p	6	3	0	19	8	0
mmu-mir-3064-3p	18	6	6	15	5	2
mmu-mir-5136-5p	5	4	3	18	5	4
mmu-mir-1956-3p	10	0	1	2	18	2
mmu-mir-5131-5p	10	6	2	18	6	8
mmu-mir-6418-3p	6	18	2	18	10	11
mmu-mir-760-5p	14	13	1	18	7	5
mmu-mir-3094-5p	4	5	2	18	13	6
mmu-mir-6395-5p	7	2	4	18	8	8
mmu-mir-3472-5p	17	6	6	18	18	11
mmu-mir-376b-3p	18	10	9	4	16	4
mmu-mir-491-3p	11	3	3	10	17	7
mmu-mir-224-3p	2	1	3	17	6	1
mmu-mir-3113-3p	5	9	3	17	5	2
mmu-mir-1194-5p	14	6	4	12	17	3
mmu-mir-3100-5p	10	3	2	17	7	4
mmu-mir-5132-3p	2	0	1	17	5	5
mmu-mir-3112-5p	9	3	2	17	15	0
mmu-mir-6364-3p	6	9	2	17	4	6
mmu-mir-465a-5p	1	0	0	3	17	2
mmu-mir-433-5p	16	1	9	2	3	0
mmu-mir-3081-5p	7	4	5	16	4	3
mmu-mir-1953-3p	7	2	1	16	2	2
mmu-mir-1188-3p	8	13	6	16	16	9
mmu-mir-344g-5p	2	3	0	16	10	1
mmu-mir-3076-5p	4	2	2	16	6	8
mmu-mir-5125-3p	4	0	2	15	11	0
mmu-mir-1893-3p	3	3	5	15	7	8
mmu-mir-466i-5p	13	10	6	15	9	9
mmu-mir-421-5p	3	5	0	13	15	9
mmu-mir-1982-5p	2	2	3	15	9	1
mmu-mir-376b-5p	15	4	10	5	6	2
mmu-mir-1197-3p	14	0	5	3	9	1
mmu-mir-3108-3p	14	7	5	13	12	13
mmu-mir-29b-1-5p	8	1	2	14	8	3
mmu-mir-6353-3p	5	5	1	14	4	4
mmu-mir-193a-3p	3	11	2	9	14	7
mmu-mir-138-1-3p	14	4	5	2	7	0
mmu-mir-682-3p	14	7	1	12	8	5
mmu-mir-294-5p	7	0	0	0	14	0
mmu-mir-1298-3p	2	1	0	5	14	4
mmu-mir-6363-3p	14	5	3	2	6	5
mmu-mir-1193-5p	13	3	9	3	6	2
mmu-mir-376a-5p	13	8	8	5	2	1
mmu-mir-299b-3p	13	2	4	6	3	3
mmu-mir-466j-5p	2	2	1	13	6	7
mmu-mir-1960-3p	9	1	5	13	6	2
mmu-mir-452-3p	2	1	1	3	13	4
mmu-mir-1928-5p	13	7	1	7	5	0
mmu-mir-344e-3p	4	3	2	13	3	2
mmu-mir-6406-3p	0	3	0	13	3	4
mmu-mir-3057-3p	3	13	7	7	8	8
mmu-mir-5129-5p	13	3	3	9	4	0
mmu-mir-5620-3p	5	3	1	9	12	9
mmu-mir-5133-3p	3	1	3	12	8	2
mmu-mir-5136-3p	3	3	3	12	6	6
mmu-mir-874-5p	12	12	1	3	6	2
mmu-mir-1190-3p	7	0	2	9	12	0
mmu-mir-3097-5p	12	12	4	7	8	10
mmu-mir-5114-3p	12	12	5	2	2	3
mmu-mir-218-2-3p	9	2	1	7	12	12
mmu-mir-291b-5p	7	0	0	0	12	0
mmu-mir-669m-1-5p	0	0	1	0	12	0
mmu-mir-377-3p	12	8	9	1	1	3
mmu-mir-410-5p	5	0	3	11	4	5
mmu-mir-718-5p	2	0	3	11	2	3
mmu-mir-3104-3p	6	2	3	11	0	3
mmu-mir-669a-2-5p	0	0	0	0	11	0
mmu-mir-880-3p	6	1	1	6	11	4
mmu-mir-5615-1-3p	5	2	0	5	11	5
mmu-mir-295-5p	10	1	0	0	11	2
mmu-mir-19a-5p	2	1	0	11	5	0
mmu-mir-1190-5p	5	3	3	11	10	6
mmu-mir-5627-3p	1	4	0	11	3	1
mmu-mir-344-2-3p	11	3	4	5	7	8
mmu-mir-3471-2-5p	9	1	1	11	6	1
mmu-mir-23a-5p	0	0	1	11	4	2
mmu-mir-467f-5p	4	3	1	11	9	1
mmu-mir-383-3p	6	1	1	11	3	1
mmu-mir-150-3p	2	3	0	10	2	0
mmu-mir-468-3p	10	2	0	3	3	0
mmu-mir-3091-5p	0	1	2	10	0	2
mmu-mir-449c-5p	6	3	0	10	3	0
mmu-mir-3088-5p	10	1	0	0	2	3
mmu-mir-5618-5p	1	1	0	4	10	0
mmu-mir-3105-3p	10	10	5	5	4	1
mmu-mir-3101-3p	5	1	1	10	1	2
mmu-mir-1892-3p	10	0	3	3	2	0
mmu-mir-1192-5p	10	5	3	8	0	1
mmu-mir-541-3p	10	3	4	4	2	0
mmu-mir-719-5p	7	2	0	3	10	5
mmu-mir-200b-5p	0	0	0	0	10	0
mmu-mir-3072-3p	10	5	3	4	5	0
mmu-mir-376a-3p	4	2	10	1	0	0
mmu-mir-216b-3p	4	2	2	10	7	4
mmu-mir-201-5p	1	2	1	3	9	10
mmu-mir-3100-3p	5	0	2	9	1	4
mmu-mir-6344-5p	9	2	0	4	2	6
mmu-mir-449b-5p	3	1	4	9	5	2
mmu-mir-207-3p	4	5	0	9	3	0
mmu-mir-471-5p	2	0	1	9	5	3
mmu-mir-1927-5p	1	0	3	4	9	3
mmu-mir-5625-3p	9	6	1	6	6	3
mmu-mir-878-3p	4	1	1	6	9	0
mmu-mir-743a-3p	1	0	1	0	9	0
mmu-mir-692-3-5p	6	9	3	5	8	3
mmu-mir-5710-3p	4	0	1	1	3	9
mmu-mir-337-3p	8	9	7	3	8	3
mmu-mir-3063-3p	7	0	2	5	7	9
mmu-mir-688-3p	0	1	1	7	9	0
mmu-mir-1931-3p	4	2	6	9	6	1
mmu-mir-217-5p	9	1	1	3	1	0
mmu-mir-204-3p	0	0	0	9	1	9
mmu-mir-341-5p	5	0	9	7	4	1
mmu-mir-6371-5p	3	1	1	9	6	1
mmu-mir-3104-5p	2	2	0	9	0	1
mmu-mir-1249-3p	8	5	1	9	4	3
mmu-mir-3095-3p	7	1	6	3	6	9
mmu-mir-3090-5p	9	4	2	2	1	3
mmu-mir-669g-3p	5	3	0	0	9	0
mmu-mir-1912-5p	2	8	1	0	2	4
mmu-mir-669j-5p	0	1	0	1	8	0
mmu-mir-5122-3p	5	4	1	8	6	6
mmu-mir-3966-5p	7	6	0	6	8	1
mmu-mir-6355-3p	0	8	0	3	3	1
mmu-mir-5617-5p	7	4	2	8	6	1
mmu-mir-291b-3p	3	0	1	8	3	2
mmu-mir-1195-3p	8	2	1	4	8	3
mmu-mir-134-3p	8	1	5	8	8	2
mmu-mir-5118-3p	4	3	2	8	3	3
mmu-mir-6340-3p	8	8	2	1	2	3
mmu-mir-448-3p	3	1	0	8	7	6
mmu-mir-137-3p	8	1	0	0	0	0
mmu-mir-3083-3p	8	6	1	8	6	5
mmu-mir-539-5p	8	3	5	2	3	3
mmu-mir-5616-5p	3	4	0	3	8	8
mmu-mir-6378-3p	5	1	0	2	8	2
mmu-mir-344d-3-3p	2	0	0	7	8	4
mmu-mir-3085-5p	8	2	1	0	1	0
mmu-mir-6358-3p	4	1	1	8	4	0
mmu-mir-5624-5p	3	1	0	7	3	4
mmu-mir-412-3p	7	4	6	2	2	4
mmu-mir-154-3p	7	0	3	1	4	0
mmu-mir-5623-3p	7	2	3	7	4	0
mmu-mir-6341-3p	3	1	1	7	3	2
mmu-mir-2139-5p	0	3	0	2	7	3
mmu-mir-654-5p	7	3	1	0	3	0
mmu-mir-504-3p	2	4	0	7	2	1
mmu-mir-5622-5p	6	2	0	7	1	1
mmu-mir-1965-5p	5	5	1	7	5	3
mmu-mir-669g-5p	0	3	0	0	7	0
mmu-mir-719-3p	4	5	0	1	7	2
mmu-mir-6406-5p	7	2	1	3	1	2
mmu-mir-710-3p	7	4	2	0	1	1
mmu-mir-680-3-5p	7	1	0	0	2	0
mmu-mir-5622-3p	7	0	1	4	2	3
mmu-mir-5124a-3p	5	3	3	7	6	1
mmu-mir-1188-5p	1	2	1	7	3	3
mmu-mir-215-3p	2	2	4	4	5	7
mmu-mir-6362-3p	2	5	0	7	7	4
mmu-mir-5110-5p	2	1	1	7	3	0
mmu-mir-467h-5p	3	2	1	7	5	1
mmu-mir-5626-5p	1	3	0	0	5	7
mmu-mir-18b-3p	7	0	1	6	2	1
mmu-mir-1928-3p	7	1	0	1	1	0
mmu-mir-876-5p	1	0	0	7	0	0
mmu-mir-5128-5p	1	2	1	7	3	4
mmu-mir-6388-3p	1	0	2	7	7	2
mmu-mir-6349-3p	7	1	0	0	2	1
mmu-mir-3964-3p	1	0	0	1	7	1
mmu-mir-1247-5p	3	2	1	4	7	1
mmu-mir-1941-3p	1	2	0	7	0	2
mmu-mir-6359-3p	0	3	0	6	1	0
mmu-mir-6389-3p	2	6	0	2	0	4
mmu-mir-5134-5p	0	3	1	6	5	0
mmu-mir-1903-3p	5	2	0	5	6	3
mmu-mir-184-5p	1	0	0	6	1	1
mmu-mir-1971-3p	3	3	1	6	1	5
mmu-mir-1967-3p	1	0	0	6	1	0
mmu-mir-1941-5p	2	3	0	6	0	0
mmu-mir-5104-5p	0	0	0	3	6	2
mmu-mir-451a-5p	0	2	2	2	0	6
mmu-mir-26a-1-5p	3	3	1	6	0	4
mmu-mir-3073a-3p	2	0	1	1	4	6
mmu-mir-1949-5p	6	1	1	2	2	0
mmu-mir-6414-3p	4	0	2	3	6	2
mmu-mir-679-3p	6	2	3	0	1	1
mmu-mir-698-5p	6	0	2	4	0	1
mmu-mir-3473a-5p	1	6	4	3	3	2
mmu-mir-6385-5p	3	2	0	2	6	0
mmu-mir-3108-5p	0	3	0	6	0	2
mmu-mir-6361-3p	5	1	0	6	0	0
mmu-mir-669k-5p	0	0	0	0	6	0
mmu-mir-92a-2-5p	6	1	0	6	2	0
mmu-mir-101a-5p	6	2	0	3	3	2
mmu-mir-511-3p	3	2	2	1	5	1
mmu-mir-546-5p	0	2	2	5	1	2
mmu-mir-678-5p	0	2	2	1	4	5
mmu-mir-6394-5p	2	0	0	5	0	3
mmu-mir-223-5p	1	1	1	0	5	0
mmu-mir-3966-3p	5	0	0	0	2	1
mmu-mir-1966-5p	1	0	0	2	5	0
mmu-mir-681-5p	0	0	0	1	1	5
mmu-mir-6367-3p	4	5	1	4	2	0
mmu-mir-1902-5p	3	0	0	1	5	2
mmu-mir-205-3p	0	1	1	3	5	4
mmu-mir-3079-5p	1	0	1	5	5	0
mmu-mir-6403-3p	1	0	0	0	5	0
mmu-mir-5113-3p	0	0	0	5	3	0
mmu-mir-135a-1-5p	5	4	2	1	0	0
mmu-mir-6412-5p	1	3	0	5	3	1
mmu-mir-5617-3p	4	2	1	1	5	0
mmu-mir-509-5p	0	0	0	5	0	0
mmu-mir-707-3p	1	0	0	0	5	0
mmu-mir-686-3p	5	5	0	0	2	0
mmu-mir-6416-5p	1	0	1	5	2	1
mmu-mir-6376-3p	0	1	0	5	0	3
mmu-mir-3070a-5p	1	0	0	5	1	0
mmu-mir-1947-3p	4	4	0	1	5	0
mmu-mir-683-2-3p	3	0	0	5	1	0
mmu-mir-871-5p	0	0	0	1	5	0
mmu-mir-743b-5p	1	1	0	3	5	1
mmu-mir-686-5p	2	5	1	3	1	1
mmu-mir-3063-5p	1	0	0	5	0	0
mmu-mir-1898-3p	5	5	0	2	2	0
mmu-mir-6335-3p	1	1	0	5	1	0
mmu-mir-3078-5p	5	0	0	0	3	4
mmu-mir-3088-3p	5	1	0	2	5	2
mmu-mir-5619-3p	1	0	2	5	0	0
mmu-mir-3113-5p	3	5	1	4	1	1
mmu-mir-592-3p	2	4	1	0	1	0
mmu-mir-107-5p	1	2	0	1	2	4
mmu-mir-1967-5p	1	1	1	4	3	3
mmu-mir-499-3p	0	1	3	3	3	4
mmu-mir-802-3p	3	2	2	4	1	0
mmu-mir-216a-3p	0	2	0	4	2	0
mmu-mir-300-5p	2	1	3	2	1	4
mmu-mir-1894-5p	2	2	0	4	1	4
mmu-mir-6375-5p	1	1	0	4	4	0
mmu-mir-669b-5p	1	0	1	1	4	0
mmu-mir-3110-3p	2	2	1	1	2	4
mmu-mir-546-3p	4	2	2	0	1	2
mmu-mir-1900-5p	4	0	0	0	0	0
mmu-mir-1898-5p	4	0	1	0	0	0
mmu-mir-6359-5p	0	0	0	4	1	3
mmu-mir-3103-5p	1	2	2	4	2	2
mmu-mir-6348-5p	1	3	2	2	4	1
mmu-mir-1893-5p	1	2	1	4	3	3
mmu-mir-3961-3p	1	0	0	0	4	0
mmu-mir-6374-3p	2	0	0	4	0	0
mmu-mir-6361-5p	0	1	0	0	3	4
mmu-mir-449a-3p	0	0	1	4	4	0
mmu-mir-1894-3p	3	1	1	1	4	1
mmu-mir-2136-3p	0	0	1	4	0	0
mmu-mir-5131-3p	3	2	0	2	4	2
mmu-mir-6402-3p	4	0	0	0	0	0
mmu-mir-5118-5p	0	4	0	3	1	2
mmu-mir-3077-5p	0	3	0	4	0	0
mmu-mir-5119-3p	3	0	0	4	2	3
mmu-mir-6342-5p	0	0	0	0	4	1
mmu-mir-1224-3p	4	3	1	0	2	1
mmu-mir-6381-5p	4	2	0	0	3	0
mmu-mir-5126-5p	1	0	1	4	1	1
mmu-mir-6342-3p	4	1	0	0	1	0
mmu-mir-669j-3p	0	0	0	1	4	0
mmu-mir-6345-3p	0	3	0	4	0	1
mmu-mir-1199-5p	4	2	1	2	1	4
mmu-mir-876-3p	0	0	0	4	0	1
mmu-mir-6541-3p	2	1	0	4	3	0
mmu-mir-1912-3p	0	1	0	4	0	0
mmu-mir-199b-3p	4	0	2	2	0	1
mmu-mir-3967-5p	0	1	0	4	0	0
mmu-mir-6382-3p	4	0	2	1	3	0
mmu-mir-743a-5p	0	1	0	0	4	0
mmu-mir-669d-2-5p	0	1	0	0	4	0
mmu-mir-202-3p	4	1	0	1	2	0
mmu-mir-5104-3p	4	0	4	3	1	2
mmu-mir-6360-3p	0	4	1	3	2	0
mmu-mir-3971-5p	0	2	2	4	0	0
mmu-mir-6367-5p	4	2	0	0	2	0
mmu-mir-692-1-3p	1	0	0	1	0	4
mmu-mir-705-5p	3	2	0	2	0	4
mmu-mir-6238-3p	3	4	1	2	1	3
mmu-mir-1964-5p	4	0	0	0	0	0
mmu-mir-6380-5p	3	4	0	0	3	2
mmu-mir-3101-5p	4	1	1	3	2	3
mmu-mir-3106-5p	0	0	1	3	0	0
mmu-mir-5619-5p	1	2	0	0	0	3
mmu-mir-223-3p	1	3	0	1	0	0
mmu-mir-6347-5p	1	0	0	2	0	3
mmu-mir-709-5p	0	1	2	3	0	0
mmu-mir-290-3p	1	1	0	0	3	0
mmu-mir-705-3p	3	0	2	3	1	0
mmu-mir-3473e-3p	0	0	0	2	0	3
mmu-mir-470-3p	0	0	0	0	3	0
mmu-mir-3069-5p	3	1	0	2	3	2
mmu-mir-133b-3p	2	0	1	0	3	0
mmu-mir-344-2-5p	0	0	0	0	0	3
mmu-mir-1958-5p	1	3	0	2	1	0
mmu-mir-6417-3p	0	0	0	3	1	1
mmu-mir-466b-2-5p	0	0	1	0	3	1
mmu-mir-543-5p	3	0	0	0	1	0
mmu-mir-6347-3p	3	0	0	0	2	2
mmu-mir-133a-2-3p	2	3	0	0	2	0
mmu-mir-24-2-5p	0	0	0	3	0	2
mmu-mir-1940-3p	2	1	0	2	3	0
mmu-mir-2137-5p	0	1	0	3	0	0
mmu-mir-494-5p	3	0	0	3	0	0
mmu-mir-680-3-3p	3	0	0	0	0	0
mmu-mir-5120-3p	0	1	0	3	2	0
mmu-mir-1903-5p	0	0	0	0	3	0
mmu-mir-1901-3p	1	0	0	3	1	0
mmu-mir-6381-3p	0	0	0	3	0	0
mmu-mir-466h-3p	1	0	0	0	3	0
mmu-mir-1948-5p	1	2	0	0	0	3
mmu-mir-1906-2-3p	3	0	1	1	1	0
mmu-mir-3965-5p	3	0	0	0	0	0
mmu-mir-1897-5p	0	3	1	0	0	0
mmu-mir-218-1-3p	3	1	2	2	0	1
mmu-mir-6345-5p	0	0	0	0	0	3
mmu-mir-6336-3p	0	2	0	2	3	1
mmu-mir-1956-5p	0	0	0	0	3	0
mmu-mir-759-3p	1	0	0	0	3	0
mmu-mir-5135-5p	3	0	0	0	0	0
mmu-mir-3109-5p	3	2	1	1	2	3
mmu-mir-6407-5p	0	0	3	0	0	0
mmu-mir-706-5p	3	1	1	1	3	3
mmu-mir-1962-5p	0	3	1	0	0	0
mmu-mir-5107-5p	3	0	0	2	0	0
mmu-mir-144-3p	1	1	1	1	3	0
mmu-mir-3095-5p	3	3	0	0	0	0
mmu-mir-5125-5p	1	0	3	1	2	0
mmu-mir-463-5p	0	3	1	1	1	0
mmu-mir-1962-3p	0	0	0	1	0	3
mmu-mir-713-3p	0	0	0	3	2	0
mmu-mir-1896-3p	2	3	0	0	3	0
mmu-mir-1196-3p	1	3	0	2	2	0
mmu-mir-6420-5p	3	0	0	2	3	1
mmu-mir-6362-5p	0	0	0	0	2	3
mmu-mir-194-1-3p	1	1	2	0	3	1
mmu-mir-216b-5p	1	0	2	2	3	2
mmu-mir-3106-3p	3	2	2	2	1	0
mmu-mir-1905-3p	1	0	0	1	3	1
mmu-mir-146a-3p	2	0	0	3	3	0
mmu-mir-770-5p	3	0	0	2	2	2
mmu-mir-6373-3p	0	0	0	3	0	0
mmu-mir-28b-5p	2	1	1	3	1	1
mmu-mir-6386-3p	3	1	2	3	2	0
mmu-mir-6539-3p	2	0	0	0	3	1
mmu-mir-711-3p	1	0	0	0	1	3
mmu-mir-6348-3p	3	3	1	0	2	1
mmu-mir-540-5p	0	0	1	2	3	0
mmu-mir-1957a-3p	2	0	0	3	0	0
mmu-mir-698-3p	3	0	0	0	0	0
mmu-mir-3964-5p	3	2	0	0	1	0
mmu-mir-5110-3p	3	1	0	0	0	0
mmu-mir-20b-3p	0	0	1	0	3	0
mmu-mir-1264-3p	1	0	0	3	0	3
mmu-mir-5120-5p	1	3	1	1	0	0
mmu-mir-5618-3p	0	0	0	3	0	0
mmu-mir-6394-3p	0	1	1	0	3	0
mmu-mir-6356-3p	3	0	0	0	2	0
mmu-mir-691-3p	0	0	0	0	3	0
mmu-mir-3962-5p	1	0	0	1	3	0
mmu-mir-484-3p	0	2	0	3	0	0
mmu-mir-1905-5p	3	1	0	3	3	0
mmu-mir-377-5p	2	3	2	0	0	1
mmu-mir-1948-3p	1	1	0	3	0	3
mmu-mir-6356-5p	0	0	0	0	0	3
mmu-mir-6337-5p	3	0	0	0	0	0
mmu-mir-5121-5p	0	3	0	0	0	0
mmu-mir-203-5p	2	3	1	0	3	3
mmu-mir-344d-1-5p	1	0	0	3	0	1
mmu-mir-6366-3p	1	0	1	3	0	1
mmu-mir-5124b-5p	3	1	0	3	2	3
mmu-mir-211-3p	0	0	0	2	0	3
mmu-mir-216a-5p	1	2	0	0	0	0
mmu-mir-6241-3p	2	0	0	0	0	0
mmu-mir-378d-3p	0	0	0	2	0	0
mmu-mir-367-3p	1	0	0	0	2	0
mmu-mir-6384-5p	2	1	0	1	0	0
mmu-mir-344d-2-5p	2	0	0	1	0	1
mmu-mir-6377-5p	1	1	0	0	2	0
mmu-mir-6419-3p	2	0	0	0	1	1
mmu-mir-1950-3p	2	0	0	0	2	0
mmu-mir-6368-3p	2	0	0	2	1	0
mmu-mir-697-3p	2	1	1	0	1	0
mmu-mir-1969-3p	1	0	0	1	0	2
mmu-mir-365-2-3p	1	0	0	1	2	0
mmu-mir-6395-3p	0	0	0	2	0	0
mmu-mir-3971-3p	2	2	0	0	0	0
mmu-mir-6411-3p	0	2	0	0	2	0
mmu-mir-669d-2-3p	0	0	0	2	0	0
mmu-mir-6352-5p	0	2	0	0	0	0
mmu-mir-680-2-3p	2	0	0	0	0	0
mmu-mir-3086-3p	0	2	0	1	0	0
mmu-mir-6405-5p	0	0	1	0	0	2
mmu-mir-681-3p	2	0	0	0	0	0
mmu-mir-6338-3p	0	1	0	2	0	0
mmu-mir-683-2-5p	0	0	0	2	2	0
mmu-mir-24-2-3p	0	0	0	2	0	0
mmu-mir-697-5p	0	0	0	2	0	0
mmu-mir-466b-6-5p	0	0	0	2	0	0
mmu-mir-471-3p	0	2	0	0	2	0
mmu-mir-451a-3p	0	1	0	0	0	2
mmu-mir-706-3p	2	1	0	1	1	0
mmu-mir-6378-5p	0	0	0	2	0	0
mmu-mir-691-5p	0	0	0	0	0	2
mmu-mir-6397-3p	2	0	1	1	0	1
mmu-mir-6335-5p	0	0	0	0	0	2
mmu-mir-2861-5p	2	0	0	0	1	0
mmu-mir-208b-3p	2	0	1	1	0	0
mmu-mir-5103-5p	1	0	0	0	2	1
mmu-mir-763-3p	2	2	1	0	1	0
mmu-mir-6354-5p	2	1	1	0	1	1
mmu-mir-711-5p	2	0	0	1	1	1
mmu-mir-6383-3p	2	1	0	1	1	0
mmu-mir-761-5p	1	1	0	0	2	0
mmu-mir-5127-5p	2	0	1	0	0	1
mmu-mir-3072-5p	0	0	0	2	2	0
mmu-mir-449c-3p	0	0	0	0	2	0
mmu-mir-5116-3p	0	2	0	1	1	1
mmu-mir-21b-3p	0	0	0	2	0	0
mmu-mir-767-5p	1	0	2	1	0	1
mmu-mir-5100-5p	2	1	2	1	0	0
mmu-mir-6355-5p	0	0	2	0	0	0
mmu-mir-327-5p	2	0	0	0	0	0
mmu-mir-3070a-3p	0	0	0	2	0	0
mmu-mir-6541-5p	0	0	2	0	1	0
mmu-mir-547-5p	1	0	0	0	2	0
mmu-mir-669n-3p	2	0	0	0	0	0
mmu-mir-3092-5p	0	1	0	1	2	1
mmu-mir-6339-3p	0	0	0	2	0	0
mmu-mir-6339-5p	1	1	0	2	2	1
mmu-mir-6372-5p	2	2	0	2	0	1
mmu-mir-6403-5p	2	0	0	0	0	0
mmu-mir-1906-2-5p	0	0	2	0	0	0
mmu-mir-429-5p	2	0	0	0	0	0
mmu-mir-717-3p	0	1	0	0	1	2
mmu-mir-302c-3p	0	0	0	0	2	0
mmu-mir-6408-3p	0	0	2	0	1	0
mmu-mir-680-2-5p	2	1	0	1	1	0
mmu-mir-6337-3p	2	0	2	1	0	1
mmu-mir-105-5p	0	0	0	0	0	2
mmu-mir-6409-5p	2	2	0	0	0	2
mmu-mir-5710-5p	0	0	0	0	2	0
mmu-mir-678-3p	0	0	1	2	1	0
mmu-mir-6373-5p	0	0	0	2	0	0
mmu-mir-6366-5p	2	0	0	0	2	0
mmu-mir-6343-5p	2	1	0	0	0	1
mmu-mir-6404-5p	2	0	0	0	0	1
mmu-mir-6407-3p	1	0	0	2	0	0
mmu-mir-323-5p	0	1	0	0	2	0
mmu-mir-5107-3p	2	2	2	0	1	1
mmu-mir-3089-5p	0	2	2	0	0	1
mmu-mir-1963-5p	2	1	0	0	2	1
mmu-mir-3105-5p	1	1	0	0	2	0
mmu-mir-666-3p	2	0	0	2	2	0
mmu-mir-1902-3p	2	1	1	2	0	0
mmu-mir-6360-5p	1	2	0	1	0	0
mmu-mir-381-5p	2	0	0	0	1	0
mmu-mir-207-5p	2	1	0	2	0	0
mmu-mir-367-5p	0	0	1	2	1	0
mmu-mir-6383-5p	0	2	1	2	1	2
mmu-mir-690-5p	0	1	0	2	0	2
mmu-mir-3062-3p	2	0	0	0	0	0
mmu-mir-6336-5p	0	1	0	2	0	0
mmu-mir-3099-5p	0	2	0	1	0	0
mmu-mir-6418-5p	0	1	0	0	2	0
mmu-mir-3079-3p	0	0	2	0	2	0
mmu-mir-5119-5p	2	0	0	0	0	0
mmu-mir-5709-3p	0	1	0	1	1	2
mmu-mir-6354-3p	0	1	0	0	2	1
mmu-mir-5106-5p	0	2	0	1	0	0
mmu-mir-3071-5p	1	0	0	0	0	2
mmu-mir-6374-5p	2	0	0	0	2	0
mmu-mir-6387-3p	0	0	0	1	2	0
mmu-mir-3078-3p	2	0	0	0	0	0
mmu-mir-6385-3p	1	1	0	0	2	2
mmu-mir-6404-3p	0	0	0	1	1	2
mmu-mir-3087-5p	1	1	0	0	2	0
mmu-mir-684-1-3p	2	1	0	1	2	2
mmu-mir-208a-3p	0	0	0	2	0	0
mmu-mir-1942-3p	0	0	0	0	2	0
mmu-mir-707-5p	0	0	0	1	0	0
mmu-mir-6393-3p	0	1	0	0	0	0
mmu-mir-6350-3p	0	0	0	1	1	0
mmu-mir-688-5p	0	0	1	0	0	0
mmu-mir-21c-3p	0	0	1	0	0	0
mmu-mir-1907-5p	0	0	0	1	1	0
mmu-mir-6537-5p	0	0	0	1	1	0
mmu-mir-344h-2-5p	0	0	0	0	0	1
mmu-mir-1932-5p	1	1	0	0	0	1
mmu-mir-28b-3p	1	0	0	0	0	0
mmu-mir-5625-5p	0	0	0	0	1	0
mmu-mir-3074-2-3p	0	1	0	0	0	0
mmu-mir-3059-3p	1	0	0	0	0	0
mmu-mir-1186b-3p	1	0	1	0	1	0
mmu-mir-6414-5p	0	0	0	0	0	1
mmu-mir-195b-3p	1	0	0	0	0	0
mmu-mir-6401-3p	0	0	0	1	0	0
mmu-mir-3969-3p	0	1	0	1	0	0
mmu-mir-6351-3p	1	0	0	0	0	0
mmu-mir-1951-5p	0	1	0	0	0	0
mmu-mir-704-5p	0	0	0	1	0	0
mmu-mir-432-3p	0	0	0	1	0	0
mmu-mir-5124a-5p	0	1	0	0	0	0
mmu-mir-3968-5p	1	0	0	0	1	0
mmu-mir-195b-5p	1	0	0	0	0	0
mmu-mir-6389-5p	1	0	0	0	0	0
mmu-mir-6392-3p	1	1	0	0	0	0
mmu-mir-509-3p	0	0	0	1	0	0
mmu-mir-3475-5p	0	1	0	1	0	0
mmu-mir-692-1-5p	1	0	0	1	0	1
mmu-mir-675-3p	0	0	0	0	1	0
mmu-mir-6410-5p	1	0	0	1	0	0
mmu-mir-124-2-3p	0	0	1	1	0	0
mmu-mir-3073b-3p	1	0	0	1	0	0
mmu-mir-208a-5p	0	0	0	1	0	0
mmu-mir-453-3p	1	0	0	0	0	0
mmu-mir-103-1-5p	1	0	0	1	0	0
mmu-mir-1952-3p	1	1	0	1	1	0
mmu-mir-217-3p	0	0	0	0	1	0
mmu-mir-6396-3p	0	0	0	1	0	0
mmu-mir-6349-5p	0	1	0	0	0	0
mmu-mir-495-5p	0	0	0	1	0	0
mmu-mir-1963-3p	1	0	0	0	0	0
mmu-mir-5099-5p	0	0	0	1	1	1
mmu-mir-6393-5p	0	0	0	0	1	0
mmu-mir-496b-3p	1	0	0	0	0	0
mmu-mir-6379-5p	1	0	0	0	1	0
mmu-mir-6346-3p	1	0	0	0	0	0
mmu-mir-1896-5p	0	0	0	1	0	0
mmu-mir-1957b-3p	0	1	0	0	0	0
mmu-mir-6405-3p	1	0	0	0	0	0
mmu-mir-767-3p	0	1	1	1	0	0
mmu-mir-6420-3p	1	0	0	0	0	0
mmu-mir-297b-3p	0	0	0	0	1	0
mmu-mir-669o-3p	1	0	0	0	1	0
mmu-mir-741-5p	0	0	0	1	1	0
mmu-mir-343-5p	0	1	0	0	0	0
mmu-mir-133a-2-5p	0	1	0	0	0	0
mmu-mir-2183-5p	0	0	0	0	0	1
mmu-mir-463-3p	1	0	0	1	1	0
mmu-mir-761-3p	0	1	0	0	0	0
mmu-mir-299b-5p	0	0	0	1	0	0
mmu-mir-133c-5p	0	0	1	0	0	0
mmu-mir-142-3p	1	0	0	0	0	0
mmu-mir-6365-5p	0	1	0	0	0	0
mmu-mir-453-5p	1	0	0	0	0	0
mmu-mir-6411-5p	1	1	0	0	1	1
mmu-mir-742-3p	0	0	1	0	0	1
mmu-mir-6375-3p	0	0	0	0	0	1
mmu-mir-3080-3p	0	0	0	1	0	0
mmu-mir-713-5p	0	1	0	0	1	0
mmu-mir-1931-5p	0	0	0	1	0	0
mmu-mir-654-3p	0	0	0	1	0	1
mmu-mir-5108-3p	0	1	0	1	0	0
mmu-mir-762-3p	0	0	0	1	0	0
mmu-mir-511-5p	0	0	1	0	0	1
mmu-mir-5101-5p	0	0	0	1	0	1
mmu-mir-6344-3p	0	0	0	0	1	0
mmu-mir-5116-5p	1	0	0	1	0	0
mmu-mir-6363-5p	1	0	0	0	0	0
mmu-mir-3963-3p	1	0	0	0	0	0
mmu-mir-5627-5p	0	0	0	1	0	0
mmu-mir-6341-5p	1	0	0	0	0	0
mmu-mir-1900-3p	0	1	0	0	0	0
mmu-mir-5623-5p	1	0	1	1	1	0
mmu-mir-6369-5p	0	0	0	0	1	0
mmu-mir-466a-3p	0	0	0	0	0	1
mmu-mir-1199-3p	0	1	0	0	0	0
mmu-mir-124-1-5p	0	0	0	0	1	0
mmu-mir-2861-3p	1	0	1	1	0	0
mmu-mir-1929-3p	1	1	0	1	1	0
mmu-mir-6401-5p	1	0	0	0	0	0
mmu-mir-680-1-5p	0	0	0	1	1	0
mmu-mir-145b-3p	1	1	0	0	0	0
mmu-mir-133b-5p	1	0	0	0	0	0
mmu-mir-297c-3p	1	0	0	0	0	0
mmu-mir-6370-5p	0	0	0	1	0	1
mmu-mir-599-3p	0	1	0	0	0	0
mmu-mir-6410-3p	0	0	0	0	1	0
mmu-mir-599-5p	1	0	0	0	1	0
mmu-mir-6538-3p	0	0	1	0	0	0
mmu-mir-883a-5p	0	0	1	1	0	0
mmu-mir-721-5p	1	0	0	0	0	0
mmu-mir-693-5p	0	1	0	1	0	0
mmu-mir-6382-5p	1	0	0	1	1	1
mmu-mir-804-5p	0	0	0	0	0	1
mmu-mir-6352-3p	0	0	0	1	1	0
mmu-mir-669m-1-3p	0	1	0	0	0	0
mmu-mir-1197-5p	1	0	0	0	0	0
mmu-mir-6396-5p	1	0	1	1	1	0
mmu-mir-6376-5p	1	0	0	0	0	0
mmu-mir-6398-3p	0	0	1	0	0	0
mmu-mir-6237-5p	0	0	0	0	1	0
mmu-mir-199a-2-5p	0	0	0	1	0	1
mmu-mir-5046-3p	0	0	1	1	0	0
mmu-mir-6358-5p	0	0	0	1	0	0
mmu-mir-3080-5p	0	0	1	0	0	0
mmu-mir-5103-3p	0	1	0	1	0	1
mmu-mir-5109-5p	0	1	0	1	1	0
mmu-mir-3090-3p	1	0	0	0	0	0
mmu-mir-6399-5p	0	0	0	0	1	0
mmu-mir-1899-5p	1	0	0	1	0	0
mmu-mir-5130-3p	0	0	0	1	0	0
mmu-mir-1904-5p	0	0	0	0	1	1
mmu-mir-881-5p	0	0	0	0	1	0
mmu-mir-544-5p	0	0	0	0	1	0
mmu-mir-327-3p	1	0	0	0	0	0
mmu-mir-539-3p	1	0	0	0	0	0
mmu-mir-1895-5p	0	0	0	1	0	0
mmu-mir-882-3p	0	0	0	1	0	0
mmu-mir-590-3p	0	1	0	0	0	0
mmu-mir-466p-3p	1	0	0	0	1	0
mmu-mir-6365-3p	0	0	1	0	0	0
mmu-mir-137-5p	1	0	0	1	0	0
mmu-mir-6379-3p	0	0	1	0	0	0
mmu-mir-6397-5p	0	1	0	0	0	0
mmu-mir-687-5p	1	0	0	0	0	0
mmu-mir-721-3p	0	0	0	1	0	1
mmu-mir-489-3p	0	1	0	1	1	0
mmu-mir-201-3p	1	0	0	1	0	0
mmu-mir-1936-5p	0	0	0	1	1	0
mmu-mir-6357-5p	0	0	0	0	1	0
mmu-mir-141-5p	0	0	1	0	1	0
mmu-mir-680-1-3p	0	0	0	1	1	0
mmu-mir-875-3p	1	0	0	0	0	0
mmu-mir-882-5p	0	1	0	0	0	0
mmu-mir-489-5p	0	0	0	1	0	0
mmu-mir-804-3p	0	0	0	1	1	0
mmu-mir-142-5p	1	0	0	0	0	0
totaldepth	39263812	22140770	15839017	43065652	37217101	24188003
